#ibnd, ik, ik coord, -> fbnd, fk, fk coord, wt 
      27        1 (   0.277777777778   0.277777777778 ) ->       27        1 (   0.277777777778   0.277777777778 ):   1.032315469731e-01
      27        1 (   0.277777777778   0.277777777778 ) ->       27        2 (   0.277777777778   0.722222222222 ):   3.852772063301e-03
      27        1 (   0.277777777778   0.277777777778 ) ->       27        3 (   0.277777777778   0.777777777778 ):   7.246681462992e-03
      27        1 (   0.277777777778   0.277777777778 ) ->       27        4 (   0.277777777778   0.833333333333 ):   7.864819303437e-03
      27        1 (   0.277777777778   0.277777777778 ) ->       27        5 (   0.277777777778   0.888888888889 ):   7.497441954400e-03
      27        1 (   0.277777777778   0.277777777778 ) ->       27        6 (   0.277777777778   0.944444444444 ):   1.120575213714e-03
      27        1 (   0.277777777778   0.277777777778 ) ->       27        7 (   0.277777777778   0.000000000000 ):   8.995595130101e-02
      27        1 (   0.277777777778   0.277777777778 ) ->       27        8 (   0.277777777778   0.055555555556 ):   1.459535502865e-01
      27        1 (   0.277777777778   0.277777777778 ) ->       27        9 (   0.277777777778   0.111111111111 ):   1.531083149063e-01
      27        1 (   0.277777777778   0.277777777778 ) ->       27       10 (   0.277777777778   0.166666666667 ):   1.667978530256e-01
      27        1 (   0.277777777778   0.277777777778 ) ->       27       11 (   0.277777777778   0.222222222222 ):   1.909175172443e-01
      27        1 (   0.277777777778   0.277777777778 ) ->       27       12 (   0.333333333333   0.944444444444 ):   5.675214854161e-04
      27        1 (   0.277777777778   0.277777777778 ) ->       27       13 (   0.333333333333   0.000000000000 ):   5.916340122462e-03
      27        1 (   0.277777777778   0.277777777778 ) ->       27       14 (   0.333333333333   0.055555555556 ):   4.974949086990e-03
      27        1 (   0.277777777778   0.277777777778 ) ->       27       15 (   0.333333333333   0.111111111111 ):   3.918011192248e-03
      27        1 (   0.277777777778   0.277777777778 ) ->       27       16 (   0.333333333333   0.166666666667 ):   2.647850814465e-03
      27        1 (   0.277777777778   0.277777777778 ) ->       27       17 (   0.333333333333   0.222222222222 ):   9.905438338968e-04
      27        1 (   0.277777777778   0.277777777778 ) ->       27       18 (   0.722222222222   0.722222222222 ):   3.264027411436e-04
      27        1 (   0.277777777778   0.277777777778 ) ->       27       19 (   0.722222222222   0.777777777778 ):   2.023526330426e-03
      27        1 (   0.277777777778   0.277777777778 ) ->       27       20 (   0.722222222222   0.833333333333 ):   3.461488297837e-03
      27        1 (   0.277777777778   0.277777777778 ) ->       27       21 (   0.722222222222   0.888888888889 ):   4.611659553669e-03
      27        1 (   0.277777777778   0.277777777778 ) ->       27       22 (   0.722222222222   0.944444444444 ):   5.610202050370e-03
      27        1 (   0.277777777778   0.277777777778 ) ->       27       23 (   0.722222222222   0.000000000000 ):   5.374577283141e-04
      27        1 (   0.277777777778   0.277777777778 ) ->       27       24 (   0.777777777778   0.277777777778 ):   1.534624243938e-03
      27        1 (   0.277777777778   0.277777777778 ) ->       27       25 (   0.777777777778   0.666666666667 ):   3.137386416983e-02
      27        1 (   0.277777777778   0.277777777778 ) ->       27       26 (   0.777777777778   0.722222222222 ):   1.828712792618e-01
      27        1 (   0.277777777778   0.277777777778 ) ->       27       27 (   0.777777777778   0.777777777778 ):   1.769066664204e-01
      27        1 (   0.277777777778   0.277777777778 ) ->       27       28 (   0.777777777778   0.833333333333 ):   1.588838811658e-01
      27        1 (   0.277777777778   0.277777777778 ) ->       27       29 (   0.777777777778   0.888888888889 ):   1.489080526978e-01
      27        1 (   0.277777777778   0.277777777778 ) ->       27       30 (   0.777777777778   0.944444444444 ):   8.475561819601e-02
      27        1 (   0.277777777778   0.277777777778 ) ->       27       31 (   0.777777777778   0.000000000000 ):   5.659914198634e-04
      27        1 (   0.277777777778   0.277777777778 ) ->       27       32 (   0.777777777778   0.055555555556 ):   7.335394525390e-03
      27        1 (   0.277777777778   0.277777777778 ) ->       27       33 (   0.777777777778   0.111111111111 ):   7.949032880487e-03
      27        1 (   0.277777777778   0.277777777778 ) ->       27       34 (   0.777777777778   0.166666666667 ):   7.993152070557e-03
      27        1 (   0.277777777778   0.277777777778 ) ->       27       35 (   0.777777777778   0.222222222222 ):   6.481510975502e-03
      27        1 (   0.277777777778   0.277777777778 ) ->       27       36 (   0.833333333333   0.277777777778 ):   3.137383787986e-02
      27        1 (   0.277777777778   0.277777777778 ) ->       27       37 (   0.833333333333   0.666666666667 ):   1.534625439420e-03
      27        1 (   0.277777777778   0.277777777778 ) ->       27       38 (   0.833333333333   0.722222222222 ):   6.481511559956e-03
      27        1 (   0.277777777778   0.277777777778 ) ->       27       39 (   0.833333333333   0.777777777778 ):   7.993152382692e-03
      27        1 (   0.277777777778   0.277777777778 ) ->       27       40 (   0.833333333333   0.833333333333 ):   7.949033111068e-03
      27        1 (   0.277777777778   0.277777777778 ) ->       27       41 (   0.833333333333   0.888888888889 ):   7.335394399885e-03
      27        1 (   0.277777777778   0.277777777778 ) ->       27       42 (   0.833333333333   0.944444444444 ):   5.659914106304e-04
      27        1 (   0.277777777778   0.277777777778 ) ->       27       43 (   0.833333333333   0.000000000000 ):   8.475561798152e-02
      27        1 (   0.277777777778   0.277777777778 ) ->       27       44 (   0.833333333333   0.055555555556 ):   1.489080537470e-01
      27        1 (   0.277777777778   0.277777777778 ) ->       27       45 (   0.833333333333   0.111111111111 ):   1.588838835957e-01
      27        1 (   0.277777777778   0.277777777778 ) ->       27       46 (   0.833333333333   0.166666666667 ):   1.769066693745e-01
      27        1 (   0.277777777778   0.277777777778 ) ->       27       47 (   0.833333333333   0.222222222222 ):   1.828712601956e-01
      27        1 (   0.277777777778   0.277777777778 ) ->       27       48 (   0.888888888889   0.944444444444 ):   5.374577000577e-04
      27        1 (   0.277777777778   0.277777777778 ) ->       27       49 (   0.888888888889   0.000000000000 ):   5.610201962133e-03
      27        1 (   0.277777777778   0.277777777778 ) ->       27       50 (   0.888888888889   0.055555555556 ):   4.611659324224e-03
      27        1 (   0.277777777778   0.277777777778 ) ->       27       51 (   0.888888888889   0.111111111111 ):   3.461488068636e-03
      27        1 (   0.277777777778   0.277777777778 ) ->       27       52 (   0.888888888889   0.166666666667 ):   2.023526088454e-03
      27        1 (   0.277777777778   0.277777777778 ) ->       27       53 (   0.888888888889   0.222222222222 ):   3.264024652704e-04
      27        1 (   0.277777777778   0.277777777778 ) ->       27       54 (   0.166666666667   0.777777777778 ):   9.905438194241e-04
      27        1 (   0.277777777778   0.277777777778 ) ->       27       55 (   0.166666666667   0.833333333333 ):   2.647850776308e-03
      27        1 (   0.277777777778   0.277777777778 ) ->       27       56 (   0.166666666667   0.888888888889 ):   3.918011135419e-03
      27        1 (   0.277777777778   0.277777777778 ) ->       27       57 (   0.166666666667   0.944444444444 ):   4.975618352490e-03
      27        1 (   0.277777777778   0.277777777778 ) ->       27       58 (   0.166666666667   0.000000000000 ):   4.383119794205e-04
      27        1 (   0.277777777778   0.277777777778 ) ->       27       59 (   0.222222222222   0.277777777778 ):   3.852772171842e-03
      27        1 (   0.277777777778   0.277777777778 ) ->       27       60 (   0.222222222222   0.722222222222 ):   1.032315457593e-01
      27        1 (   0.277777777778   0.277777777778 ) ->       27       61 (   0.222222222222   0.777777777778 ):   1.909175158193e-01
      27        1 (   0.277777777778   0.277777777778 ) ->       27       62 (   0.222222222222   0.833333333333 ):   1.667978525669e-01
      27        1 (   0.277777777778   0.277777777778 ) ->       27       63 (   0.222222222222   0.888888888889 ):   1.531083144489e-01
      27        1 (   0.277777777778   0.277777777778 ) ->       27       64 (   0.222222222222   0.944444444444 ):   9.091827110587e-02
      27        1 (   0.277777777778   0.277777777778 ) ->       27       65 (   0.222222222222   0.000000000000 ):   9.746687375812e-04
      27        1 (   0.277777777778   0.277777777778 ) ->       27       66 (   0.222222222222   0.055555555556 ):   6.774440929431e-03
      27        1 (   0.277777777778   0.277777777778 ) ->       27       67 (   0.222222222222   0.111111111111 ):   7.497441951692e-03
      27        1 (   0.277777777778   0.277777777778 ) ->       27       68 (   0.222222222222   0.166666666667 ):   7.864819303437e-03
      27        1 (   0.277777777778   0.277777777778 ) ->       27       69 (   0.222222222222   0.222222222222 ):   7.246681465071e-03
      27       70 (   0.277777777778   0.333333333333 ) ->       27       70 (   0.277777777778   0.333333333333 ):   1.226729151657e-01
      27       70 (   0.277777777778   0.333333333333 ) ->       27       71 (   0.277777777778   0.666666666667 ):   8.059734844369e-03
      27       70 (   0.277777777778   0.333333333333 ) ->       27        2 (   0.277777777778   0.722222222222 ):   1.366597162411e-02
      27       70 (   0.277777777778   0.333333333333 ) ->       27        3 (   0.277777777778   0.777777777778 ):   1.396019017255e-02
      27       70 (   0.277777777778   0.333333333333 ) ->       27        4 (   0.277777777778   0.833333333333 ):   1.284691895831e-02
      27       70 (   0.277777777778   0.333333333333 ) ->       27        5 (   0.277777777778   0.888888888889 ):   1.143724997264e-02
      27       70 (   0.277777777778   0.333333333333 ) ->       27        6 (   0.277777777778   0.944444444444 ):   2.468444966889e-03
      27       70 (   0.277777777778   0.333333333333 ) ->       27        7 (   0.277777777778   0.000000000000 ):   9.431827363272e-02
      27       70 (   0.277777777778   0.333333333333 ) ->       27        8 (   0.277777777778   0.055555555556 ):   1.395877154309e-01
      27       70 (   0.277777777778   0.333333333333 ) ->       27        9 (   0.277777777778   0.111111111111 ):   1.460730896889e-01
      27       70 (   0.277777777778   0.333333333333 ) ->       27       10 (   0.277777777778   0.166666666667 ):   1.584139355277e-01
      27       70 (   0.277777777778   0.333333333333 ) ->       27       11 (   0.277777777778   0.222222222222 ):   1.799529736068e-01
      27       70 (   0.277777777778   0.333333333333 ) ->       27        1 (   0.277777777778   0.277777777778 ):   2.191285653647e-01
      27       70 (   0.277777777778   0.333333333333 ) ->       27       12 (   0.333333333333   0.944444444444 ):   1.234783745430e-03
      27       70 (   0.277777777778   0.333333333333 ) ->       27       13 (   0.333333333333   0.000000000000 ):   8.783669548598e-03
      27       70 (   0.277777777778   0.333333333333 ) ->       27       14 (   0.333333333333   0.055555555556 ):   7.586319880886e-03
      27       70 (   0.277777777778   0.333333333333 ) ->       27       15 (   0.333333333333   0.111111111111 ):   6.394983139683e-03
      27       70 (   0.277777777778   0.333333333333 ) ->       27       16 (   0.333333333333   0.166666666667 ):   5.093439134865e-03
      27       70 (   0.277777777778   0.333333333333 ) ->       27       17 (   0.333333333333   0.222222222222 ):   3.505525370376e-03
      27       70 (   0.277777777778   0.333333333333 ) ->       27       72 (   0.333333333333   0.277777777778 ):   1.349576555874e-03
      27       70 (   0.277777777778   0.333333333333 ) ->       27       73 (   0.722222222222   0.666666666667 ):   4.400176028546e-04
      27       70 (   0.277777777778   0.333333333333 ) ->       27       18 (   0.722222222222   0.722222222222 ):   2.687512360990e-03
      27       70 (   0.277777777778   0.333333333333 ) ->       27       19 (   0.722222222222   0.777777777778 ):   4.515158832633e-03
      27       70 (   0.277777777778   0.333333333333 ) ->       27       20 (   0.722222222222   0.833333333333 ):   5.932857742138e-03
      27       70 (   0.277777777778   0.333333333333 ) ->       27       21 (   0.722222222222   0.888888888889 ):   7.163314663803e-03
      27       70 (   0.277777777778   0.333333333333 ) ->       27       22 (   0.722222222222   0.944444444444 ):   8.354975902343e-03
      27       70 (   0.277777777778   0.333333333333 ) ->       27       23 (   0.722222222222   0.000000000000 ):   1.162109540833e-03
      27       70 (   0.277777777778   0.333333333333 ) ->       27       74 (   0.777777777778   0.333333333333 ):   3.375067604962e-03
      27       70 (   0.277777777778   0.333333333333 ) ->       27       75 (   0.777777777778   0.611111111111 ):   3.801614224372e-02
      27       70 (   0.277777777778   0.333333333333 ) ->       27       25 (   0.777777777778   0.666666666667 ):   2.169440689549e-01
      27       70 (   0.277777777778   0.333333333333 ) ->       27       26 (   0.777777777778   0.722222222222 ):   1.959540772246e-01
      27       70 (   0.277777777778   0.333333333333 ) ->       27       27 (   0.777777777778   0.777777777778 ):   1.674376531590e-01
      27       70 (   0.277777777778   0.333333333333 ) ->       27       28 (   0.777777777778   0.833333333333 ):   1.512647937581e-01
      27       70 (   0.277777777778   0.333333333333 ) ->       27       29 (   0.777777777778   0.888888888889 ):   1.422446476183e-01
      27       70 (   0.277777777778   0.333333333333 ) ->       27       30 (   0.777777777778   0.944444444444 ):   8.648110741537e-02
      27       70 (   0.277777777778   0.333333333333 ) ->       27       31 (   0.777777777778   0.000000000000 ):   1.223806067719e-03
      27       70 (   0.277777777778   0.333333333333 ) ->       27       32 (   0.777777777778   0.055555555556 ):   1.092457732136e-02
      27       70 (   0.277777777778   0.333333333333 ) ->       27       33 (   0.777777777778   0.111111111111 ):   1.235392553777e-02
      27       70 (   0.277777777778   0.333333333333 ) ->       27       34 (   0.777777777778   0.166666666667 ):   1.371518449751e-02
      27       70 (   0.277777777778   0.333333333333 ) ->       27       35 (   0.777777777778   0.222222222222 ):   1.449122118187e-02
      27       70 (   0.277777777778   0.333333333333 ) ->       27       24 (   0.777777777778   0.277777777778 ):   1.265590377286e-02
      27       70 (   0.277777777778   0.333333333333 ) ->       27       76 (   0.833333333333   0.333333333333 ):   3.801611723814e-02
      27       70 (   0.277777777778   0.333333333333 ) ->       27       77 (   0.833333333333   0.611111111111 ):   3.375069558260e-03
      27       70 (   0.277777777778   0.333333333333 ) ->       27       37 (   0.833333333333   0.666666666667 ):   1.265590510845e-02
      27       70 (   0.277777777778   0.333333333333 ) ->       27       38 (   0.833333333333   0.722222222222 ):   1.449122146289e-02
      27       70 (   0.277777777778   0.333333333333 ) ->       27       39 (   0.833333333333   0.777777777778 ):   1.371518461492e-02
      27       70 (   0.277777777778   0.333333333333 ) ->       27       40 (   0.833333333333   0.833333333333 ):   1.235392564412e-02
      27       70 (   0.277777777778   0.333333333333 ) ->       27       41 (   0.833333333333   0.888888888889 ):   1.092457713601e-02
      27       70 (   0.277777777778   0.333333333333 ) ->       27       42 (   0.833333333333   0.944444444444 ):   1.223806047755e-03
      27       70 (   0.277777777778   0.333333333333 ) ->       27       43 (   0.833333333333   0.000000000000 ):   8.648110708655e-02
      27       70 (   0.277777777778   0.333333333333 ) ->       27       44 (   0.833333333333   0.055555555556 ):   1.422446485593e-01
      27       70 (   0.277777777778   0.333333333333 ) ->       27       45 (   0.833333333333   0.111111111111 ):   1.512647960631e-01
      27       70 (   0.277777777778   0.333333333333 ) ->       27       46 (   0.833333333333   0.166666666667 ):   1.674376557543e-01
      27       70 (   0.277777777778   0.333333333333 ) ->       27       47 (   0.833333333333   0.222222222222 ):   1.959540841737e-01
      27       70 (   0.277777777778   0.333333333333 ) ->       27       36 (   0.833333333333   0.277777777778 ):   2.169440558958e-01
      27       70 (   0.277777777778   0.333333333333 ) ->       27       48 (   0.888888888889   0.944444444444 ):   1.162109479736e-03
      27       70 (   0.277777777778   0.333333333333 ) ->       27       49 (   0.888888888889   0.000000000000 ):   8.354975769285e-03
      27       70 (   0.277777777778   0.333333333333 ) ->       27       50 (   0.888888888889   0.055555555556 ):   7.163314451467e-03
      27       70 (   0.277777777778   0.333333333333 ) ->       27       51 (   0.888888888889   0.111111111111 ):   5.932857530810e-03
      27       70 (   0.277777777778   0.333333333333 ) ->       27       52 (   0.888888888889   0.166666666667 ):   4.515158608865e-03
      27       70 (   0.277777777778   0.333333333333 ) ->       27       53 (   0.888888888889   0.222222222222 ):   2.687511901222e-03
      27       70 (   0.277777777778   0.333333333333 ) ->       27       78 (   0.888888888889   0.277777777778 ):   4.400173053792e-04
      27       70 (   0.277777777778   0.333333333333 ) ->       27       79 (   0.166666666667   0.722222222222 ):   1.349576515376e-03
      27       70 (   0.277777777778   0.333333333333 ) ->       27       54 (   0.166666666667   0.777777777778 ):   3.505525318799e-03
      27       70 (   0.277777777778   0.333333333333 ) ->       27       55 (   0.166666666667   0.833333333333 ):   5.093439061448e-03
      27       70 (   0.277777777778   0.333333333333 ) ->       27       56 (   0.166666666667   0.888888888889 ):   6.394983046903e-03
      27       70 (   0.277777777778   0.333333333333 ) ->       27       57 (   0.166666666667   0.944444444444 ):   7.587812766397e-03
      27       70 (   0.277777777778   0.333333333333 ) ->       27       58 (   0.166666666667   0.000000000000 ):   9.776788153280e-04
      27       70 (   0.277777777778   0.333333333333 ) ->       27       80 (   0.222222222222   0.333333333333 ):   8.059734852462e-03
      27       70 (   0.277777777778   0.333333333333 ) ->       27       81 (   0.222222222222   0.666666666667 ):   1.226729146294e-01
      27       70 (   0.277777777778   0.333333333333 ) ->       27       60 (   0.222222222222   0.722222222222 ):   2.191285637399e-01
      27       70 (   0.277777777778   0.333333333333 ) ->       27       61 (   0.222222222222   0.777777777778 ):   1.799529723818e-01
      27       70 (   0.277777777778   0.333333333333 ) ->       27       62 (   0.222222222222   0.833333333333 ):   1.584139351047e-01
      27       70 (   0.277777777778   0.333333333333 ) ->       27       63 (   0.222222222222   0.888888888889 ):   1.460730892690e-01
      27       70 (   0.277777777778   0.333333333333 ) ->       27       64 (   0.222222222222   0.944444444444 ):   9.487687023726e-02
      27       70 (   0.277777777778   0.333333333333 ) ->       27       65 (   0.222222222222   0.000000000000 ):   2.146023161178e-03
      27       70 (   0.277777777778   0.333333333333 ) ->       27       66 (   0.222222222222   0.055555555556 ):   1.005861386761e-02
      27       70 (   0.277777777778   0.333333333333 ) ->       27       67 (   0.222222222222   0.111111111111 ):   1.143724996660e-02
      27       70 (   0.277777777778   0.333333333333 ) ->       27       68 (   0.222222222222   0.166666666667 ):   1.284691895831e-02
      27       70 (   0.277777777778   0.333333333333 ) ->       27       69 (   0.222222222222   0.222222222222 ):   1.396019018325e-02
      27       70 (   0.277777777778   0.333333333333 ) ->       27       59 (   0.222222222222   0.277777777778 ):   1.366597199921e-02
      27        1 (   0.277777777778   0.277777777778 ) ->       28        1 (   0.277777777778   0.277777777778 ):   1.032260124423e-01
      27        1 (   0.277777777778   0.277777777778 ) ->       28        2 (   0.277777777778   0.722222222222 ):   3.852576829517e-03
      27        1 (   0.277777777778   0.277777777778 ) ->       28        3 (   0.277777777778   0.777777777778 ):   7.246552410559e-03
      27        1 (   0.277777777778   0.277777777778 ) ->       28        4 (   0.277777777778   0.833333333333 ):   7.864730763137e-03
      27        1 (   0.277777777778   0.277777777778 ) ->       28        5 (   0.277777777778   0.888888888889 ):   7.497380438133e-03
      27        1 (   0.277777777778   0.277777777778 ) ->       28        6 (   0.277777777778   0.944444444444 ):   1.120563543323e-03
      27        1 (   0.277777777778   0.277777777778 ) ->       28        7 (   0.277777777778   0.000000000000 ):   8.995566853617e-02
      27        1 (   0.277777777778   0.277777777778 ) ->       28        8 (   0.277777777778   0.055555555556 ):   1.459532405110e-01
      27        1 (   0.277777777778   0.277777777778 ) ->       28        9 (   0.277777777778   0.111111111111 ):   1.531080301931e-01
      27        1 (   0.277777777778   0.277777777778 ) ->       28       10 (   0.277777777778   0.166666666667 ):   1.667975869029e-01
      27        1 (   0.277777777778   0.277777777778 ) ->       28       11 (   0.277777777778   0.222222222222 ):   1.909172682505e-01
      27        1 (   0.277777777778   0.277777777778 ) ->       28       12 (   0.333333333333   0.944444444444 ):   5.675142532569e-04
      27        1 (   0.277777777778   0.277777777778 ) ->       28       13 (   0.333333333333   0.000000000000 ):   5.916303293230e-03
      27        1 (   0.277777777778   0.277777777778 ) ->       28       14 (   0.333333333333   0.055555555556 ):   4.974908995492e-03
      27        1 (   0.277777777778   0.277777777778 ) ->       28       15 (   0.333333333333   0.111111111111 ):   3.917967754055e-03
      27        1 (   0.277777777778   0.277777777778 ) ->       28       16 (   0.333333333333   0.166666666667 ):   2.647804030289e-03
      27        1 (   0.277777777778   0.277777777778 ) ->       28       17 (   0.333333333333   0.222222222222 ):   9.904936357850e-04
      27        1 (   0.277777777778   0.277777777778 ) ->       28       18 (   0.722222222222   0.722222222222 ):   5.693370338212e-05
      27        1 (   0.277777777778   0.277777777778 ) ->       28       19 (   0.722222222222   0.777777777778 ):   1.333573523610e-03
      27        1 (   0.277777777778   0.277777777778 ) ->       28       20 (   0.722222222222   0.833333333333 ):   2.772197943515e-03
      27        1 (   0.277777777778   0.277777777778 ) ->       28       21 (   0.722222222222   0.888888888889 ):   3.903016524162e-03
      27        1 (   0.277777777778   0.277777777778 ) ->       28       22 (   0.722222222222   0.944444444444 ):   4.857289992082e-03
      27        1 (   0.277777777778   0.277777777778 ) ->       28       23 (   0.722222222222   0.000000000000 ):   4.013445318876e-04
      27        1 (   0.277777777778   0.277777777778 ) ->       28       24 (   0.777777777778   0.277777777778 ):   2.749326734796e-04
      27        1 (   0.277777777778   0.277777777778 ) ->       28       25 (   0.777777777778   0.666666666667 ):   5.581364916489e-03
      27        1 (   0.277777777778   0.277777777778 ) ->       28       26 (   0.777777777778   0.722222222222 ):   1.425104360769e-01
      27        1 (   0.277777777778   0.277777777778 ) ->       28       27 (   0.777777777778   0.777777777778 ):   1.814157802882e-01
      27        1 (   0.277777777778   0.277777777778 ) ->       28       28 (   0.777777777778   0.833333333333 ):   1.625333728629e-01
      27        1 (   0.277777777778   0.277777777778 ) ->       28       29 (   0.777777777778   0.888888888889 ):   1.519794636711e-01
      27        1 (   0.277777777778   0.277777777778 ) ->       28       30 (   0.777777777778   0.944444444444 ):   9.001293164999e-02
      27        1 (   0.277777777778   0.277777777778 ) ->       28       31 (   0.777777777778   0.000000000000 ):   8.390773440627e-04
      27        1 (   0.277777777778   0.277777777778 ) ->       28       32 (   0.777777777778   0.055555555556 ):   6.398551246365e-03
      27        1 (   0.277777777778   0.277777777778 ) ->       28       33 (   0.777777777778   0.111111111111 ):   6.828275031213e-03
      27        1 (   0.277777777778   0.277777777778 ) ->       28       34 (   0.777777777778   0.166666666667 ):   6.555229696458e-03
      27        1 (   0.277777777778   0.277777777778 ) ->       28       35 (   0.777777777778   0.222222222222 ):   4.380154139667e-03
      27        1 (   0.277777777778   0.277777777778 ) ->       28       36 (   0.833333333333   0.277777777778 ):   5.581364990407e-03
      27        1 (   0.277777777778   0.277777777778 ) ->       28       37 (   0.833333333333   0.666666666667 ):   2.749326645015e-04
      27        1 (   0.277777777778   0.277777777778 ) ->       28       38 (   0.833333333333   0.722222222222 ):   4.380154024220e-03
      27        1 (   0.277777777778   0.277777777778 ) ->       28       39 (   0.833333333333   0.777777777778 ):   6.555229550054e-03
      27        1 (   0.277777777778   0.277777777778 ) ->       28       40 (   0.833333333333   0.833333333333 ):   6.828274900053e-03
      27        1 (   0.277777777778   0.277777777778 ) ->       28       41 (   0.833333333333   0.888888888889 ):   6.398551242061e-03
      27        1 (   0.277777777778   0.277777777778 ) ->       28       42 (   0.833333333333   0.944444444444 ):   8.390773304117e-04
      27        1 (   0.277777777778   0.277777777778 ) ->       28       43 (   0.833333333333   0.000000000000 ):   9.001293124237e-02
      27        1 (   0.277777777778   0.277777777778 ) ->       28       44 (   0.833333333333   0.055555555556 ):   1.519794638142e-01
      27        1 (   0.277777777778   0.277777777778 ) ->       28       45 (   0.833333333333   0.111111111111 ):   1.625333737895e-01
      27        1 (   0.277777777778   0.277777777778 ) ->       28       46 (   0.833333333333   0.166666666667 ):   1.814157816103e-01
      27        1 (   0.277777777778   0.277777777778 ) ->       28       47 (   0.833333333333   0.222222222222 ):   1.425104374935e-01
      27        1 (   0.277777777778   0.277777777778 ) ->       28       48 (   0.888888888889   0.944444444444 ):   4.013445156417e-04
      27        1 (   0.277777777778   0.277777777778 ) ->       28       49 (   0.888888888889   0.000000000000 ):   4.857289917074e-03
      27        1 (   0.277777777778   0.277777777778 ) ->       28       50 (   0.888888888889   0.055555555556 ):   3.903016523138e-03
      27        1 (   0.277777777778   0.277777777778 ) ->       28       51 (   0.888888888889   0.111111111111 ):   2.772197943515e-03
      27        1 (   0.277777777778   0.277777777778 ) ->       28       52 (   0.888888888889   0.166666666667 ):   1.333573523623e-03
      27        1 (   0.277777777778   0.277777777778 ) ->       28       53 (   0.888888888889   0.222222222222 ):   5.693370421949e-05
      27        1 (   0.277777777778   0.277777777778 ) ->       28       54 (   0.166666666667   0.777777777778 ):   9.904936213130e-04
      27        1 (   0.277777777778   0.277777777778 ) ->       28       55 (   0.166666666667   0.833333333333 ):   2.647803992133e-03
      27        1 (   0.277777777778   0.277777777778 ) ->       28       56 (   0.166666666667   0.888888888889 ):   3.917967698282e-03
      27        1 (   0.277777777778   0.277777777778 ) ->       28       57 (   0.166666666667   0.944444444444 ):   4.975577883567e-03
      27        1 (   0.277777777778   0.277777777778 ) ->       28       58 (   0.166666666667   0.000000000000 ):   4.383050080367e-04
      27        1 (   0.277777777778   0.277777777778 ) ->       28       59 (   0.222222222222   0.277777777778 ):   3.852576938053e-03
      27        1 (   0.277777777778   0.277777777778 ) ->       28       60 (   0.222222222222   0.722222222222 ):   1.032260112285e-01
      27        1 (   0.277777777778   0.277777777778 ) ->       28       61 (   0.222222222222   0.777777777778 ):   1.909172668255e-01
      27        1 (   0.277777777778   0.277777777778 ) ->       28       62 (   0.222222222222   0.833333333333 ):   1.667975864442e-01
      27        1 (   0.277777777778   0.277777777778 ) ->       28       63 (   0.222222222222   0.888888888889 ):   1.531080299663e-01
      27        1 (   0.277777777778   0.277777777778 ) ->       28       64 (   0.222222222222   0.944444444444 ):   9.091798920571e-02
      27        1 (   0.277777777778   0.277777777778 ) ->       28       65 (   0.222222222222   0.000000000000 ):   9.746588346868e-04
      27        1 (   0.277777777778   0.277777777778 ) ->       28       66 (   0.222222222222   0.055555555556 ):   6.774399029958e-03
      27        1 (   0.277777777778   0.277777777778 ) ->       28       67 (   0.222222222222   0.111111111111 ):   7.497380438133e-03
      27        1 (   0.277777777778   0.277777777778 ) ->       28       68 (   0.222222222222   0.166666666667 ):   7.864730763137e-03
      27        1 (   0.277777777778   0.277777777778 ) ->       28       69 (   0.222222222222   0.222222222222 ):   7.246552412638e-03
      27       70 (   0.277777777778   0.333333333333 ) ->       28       70 (   0.277777777778   0.333333333333 ):   1.226666612140e-01
      27       70 (   0.277777777778   0.333333333333 ) ->       28       71 (   0.277777777778   0.666666666667 ):   8.059339154394e-03
      27       70 (   0.277777777778   0.333333333333 ) ->       28        2 (   0.277777777778   0.722222222222 ):   1.366572897108e-02
      27       70 (   0.277777777778   0.333333333333 ) ->       28        3 (   0.277777777778   0.777777777778 ):   1.396002872795e-02
      27       70 (   0.277777777778   0.333333333333 ) ->       28        4 (   0.277777777778   0.833333333333 ):   1.284680600482e-02
      27       70 (   0.277777777778   0.333333333333 ) ->       28        5 (   0.277777777778   0.888888888889 ):   1.143716864745e-02
      27       70 (   0.277777777778   0.333333333333 ) ->       28        6 (   0.277777777778   0.944444444444 ):   2.468420881132e-03
      27       70 (   0.277777777778   0.333333333333 ) ->       28        7 (   0.277777777778   0.000000000000 ):   9.431796158185e-02
      27       70 (   0.277777777778   0.333333333333 ) ->       28        8 (   0.277777777778   0.055555555556 ):   1.395874377675e-01
      27       70 (   0.277777777778   0.333333333333 ) ->       28        9 (   0.277777777778   0.111111111111 ):   1.460728390978e-01
      27       70 (   0.277777777778   0.333333333333 ) ->       28       10 (   0.277777777778   0.166666666667 ):   1.584137089696e-01
      27       70 (   0.277777777778   0.333333333333 ) ->       28       11 (   0.277777777778   0.222222222222 ):   1.799527750720e-01
      27       70 (   0.277777777778   0.333333333333 ) ->       28        1 (   0.277777777778   0.277777777778 ):   2.191284229207e-01
      27       70 (   0.277777777778   0.333333333333 ) ->       28       12 (   0.333333333333   0.944444444444 ):   1.234768010074e-03
      27       70 (   0.277777777778   0.333333333333 ) ->       28       13 (   0.333333333333   0.000000000000 ):   8.783617286675e-03
      27       70 (   0.277777777778   0.333333333333 ) ->       28       14 (   0.333333333333   0.055555555556 ):   7.586267047916e-03
      27       70 (   0.277777777778   0.333333333333 ) ->       28       15 (   0.333333333333   0.111111111111 ):   6.394928012377e-03
      27       70 (   0.277777777778   0.333333333333 ) ->       28       16 (   0.333333333333   0.166666666667 ):   5.093380963321e-03
      27       70 (   0.277777777778   0.333333333333 ) ->       28       17 (   0.333333333333   0.222222222222 ):   3.505463344286e-03
      27       70 (   0.277777777778   0.333333333333 ) ->       28       72 (   0.333333333333   0.277777777778 ):   1.349510042509e-03
      27       70 (   0.277777777778   0.333333333333 ) ->       28       73 (   0.722222222222   0.666666666667 ):   1.327188546830e-04
      27       70 (   0.277777777778   0.333333333333 ) ->       28       18 (   0.722222222222   0.722222222222 ):   1.986706768944e-03
      27       70 (   0.277777777778   0.333333333333 ) ->       28       19 (   0.722222222222   0.777777777778 ):   3.837330436428e-03
      27       70 (   0.277777777778   0.333333333333 ) ->       28       20 (   0.722222222222   0.833333333333 ):   5.259811930802e-03
      27       70 (   0.277777777778   0.333333333333 ) ->       28       21 (   0.722222222222   0.888888888889 ):   6.476562282021e-03
      27       70 (   0.277777777778   0.333333333333 ) ->       28       22 (   0.722222222222   0.944444444444 ):   7.630268784815e-03
      27       70 (   0.277777777778   0.333333333333 ) ->       28       23 (   0.722222222222   0.000000000000 ):   9.594047513652e-04
      27       70 (   0.277777777778   0.333333333333 ) ->       28       74 (   0.777777777778   0.333333333333 ):   1.046872284629e-03
      27       70 (   0.277777777778   0.333333333333 ) ->       28       75 (   0.777777777778   0.611111111111 ):   1.172353339142e-02
      27       70 (   0.277777777778   0.333333333333 ) ->       28       25 (   0.777777777778   0.666666666667 ):   1.822101973286e-01
      27       70 (   0.277777777778   0.333333333333 ) ->       28       26 (   0.777777777778   0.722222222222 ):   2.015104657752e-01
      27       70 (   0.277777777778   0.333333333333 ) ->       28       27 (   0.777777777778   0.777777777778 ):   1.717073420620e-01
      27       70 (   0.277777777778   0.333333333333 ) ->       28       28 (   0.777777777778   0.833333333333 ):   1.547465094542e-01
      27       70 (   0.277777777778   0.333333333333 ) ->       28       29 (   0.777777777778   0.888888888889 ):   1.452009578575e-01
      27       70 (   0.277777777778   0.333333333333 ) ->       28       30 (   0.777777777778   0.944444444444 ):   9.439973716849e-02
      27       70 (   0.277777777778   0.333333333333 ) ->       28       31 (   0.777777777778   0.000000000000 ):   2.005794838839e-03
      27       70 (   0.277777777778   0.333333333333 ) ->       28       32 (   0.777777777778   0.055555555556 ):   1.005333743686e-02
      27       70 (   0.277777777778   0.333333333333 ) ->       28       33 (   0.777777777778   0.111111111111 ):   1.133722833287e-02
      27       70 (   0.277777777778   0.333333333333 ) ->       28       34 (   0.777777777778   0.166666666667 ):   1.245035846026e-02
      27       70 (   0.277777777778   0.333333333333 ) ->       28       35 (   0.777777777778   0.222222222222 ):   1.262762003515e-02
      27       70 (   0.277777777778   0.333333333333 ) ->       28       24 (   0.777777777778   0.277777777778 ):   9.600086683350e-03
      27       70 (   0.277777777778   0.333333333333 ) ->       28       76 (   0.833333333333   0.333333333333 ):   1.172353357211e-02
      27       70 (   0.277777777778   0.333333333333 ) ->       28       77 (   0.833333333333   0.611111111111 ):   1.046872239099e-03
      27       70 (   0.277777777778   0.333333333333 ) ->       28       37 (   0.833333333333   0.666666666667 ):   9.600086369507e-03
      27       70 (   0.277777777778   0.333333333333 ) ->       28       38 (   0.833333333333   0.722222222222 ):   1.262761970124e-02
      27       70 (   0.277777777778   0.333333333333 ) ->       28       39 (   0.833333333333   0.777777777778 ):   1.245035818167e-02
      27       70 (   0.277777777778   0.333333333333 ) ->       28       40 (   0.833333333333   0.833333333333 ):   1.133722811693e-02
      27       70 (   0.277777777778   0.333333333333 ) ->       28       41 (   0.833333333333   0.888888888889 ):   1.005333742619e-02
      27       70 (   0.277777777778   0.333333333333 ) ->       28       42 (   0.833333333333   0.944444444444 ):   2.005794806207e-03
      27       70 (   0.277777777778   0.333333333333 ) ->       28       43 (   0.833333333333   0.000000000000 ):   9.439973671095e-02
      27       70 (   0.277777777778   0.333333333333 ) ->       28       44 (   0.833333333333   0.055555555556 ):   1.452009579752e-01
      27       70 (   0.277777777778   0.333333333333 ) ->       28       45 (   0.833333333333   0.111111111111 ):   1.547465102690e-01
      27       70 (   0.277777777778   0.333333333333 ) ->       28       46 (   0.833333333333   0.166666666667 ):   1.717073432033e-01
      27       70 (   0.277777777778   0.333333333333 ) ->       28       47 (   0.833333333333   0.222222222222 ):   2.015104678597e-01
      27       70 (   0.277777777778   0.333333333333 ) ->       28       36 (   0.833333333333   0.277777777778 ):   1.822101999074e-01
      27       70 (   0.277777777778   0.333333333333 ) ->       28       48 (   0.888888888889   0.944444444444 ):   9.594047125296e-04
      27       70 (   0.277777777778   0.333333333333 ) ->       28       49 (   0.888888888889   0.000000000000 ):   7.630268666719e-03
      27       70 (   0.277777777778   0.333333333333 ) ->       28       50 (   0.888888888889   0.055555555556 ):   6.476562279410e-03
      27       70 (   0.277777777778   0.333333333333 ) ->       28       51 (   0.888888888889   0.111111111111 ):   5.259811930802e-03
      27       70 (   0.277777777778   0.333333333333 ) ->       28       52 (   0.888888888889   0.166666666667 ):   3.837330436909e-03
      27       70 (   0.277777777778   0.333333333333 ) ->       28       53 (   0.888888888889   0.222222222222 ):   1.986706798093e-03
      27       70 (   0.277777777778   0.333333333333 ) ->       28       78 (   0.888888888889   0.277777777778 ):   1.327188547220e-04
      27       70 (   0.277777777778   0.333333333333 ) ->       28       79 (   0.166666666667   0.722222222222 ):   1.349510022087e-03
      27       70 (   0.277777777778   0.333333333333 ) ->       28       54 (   0.166666666667   0.777777777778 ):   3.505463293058e-03
      27       70 (   0.277777777778   0.333333333333 ) ->       28       55 (   0.166666666667   0.833333333333 ):   5.093380889905e-03
      27       70 (   0.277777777778   0.333333333333 ) ->       28       56 (   0.166666666667   0.888888888889 ):   6.394927922166e-03
      27       70 (   0.277777777778   0.333333333333 ) ->       28       57 (   0.166666666667   0.944444444444 ):   7.587759041098e-03
      27       70 (   0.277777777778   0.333333333333 ) ->       28       58 (   0.166666666667   0.000000000000 ):   9.776645781779e-04
      27       70 (   0.277777777778   0.333333333333 ) ->       28       80 (   0.222222222222   0.333333333333 ):   8.059339162487e-03
      27       70 (   0.277777777778   0.333333333333 ) ->       28       81 (   0.222222222222   0.666666666667 ):   1.226666609458e-01
      27       70 (   0.277777777778   0.333333333333 ) ->       28       60 (   0.222222222222   0.722222222222 ):   2.191284215631e-01
      27       70 (   0.277777777778   0.333333333333 ) ->       28       61 (   0.222222222222   0.777777777778 ):   1.799527738470e-01
      27       70 (   0.277777777778   0.333333333333 ) ->       28       62 (   0.222222222222   0.833333333333 ):   1.584137085466e-01
      27       70 (   0.277777777778   0.333333333333 ) ->       28       63 (   0.222222222222   0.888888888889 ):   1.460728388888e-01
      27       70 (   0.277777777778   0.333333333333 ) ->       28       64 (   0.222222222222   0.944444444444 ):   9.487656654560e-02
      27       70 (   0.277777777778   0.333333333333 ) ->       28       65 (   0.222222222222   0.000000000000 ):   2.146002682575e-03
      27       70 (   0.277777777778   0.333333333333 ) ->       28       66 (   0.222222222222   0.055555555556 ):   1.005855491187e-02
      27       70 (   0.277777777778   0.333333333333 ) ->       28       67 (   0.222222222222   0.111111111111 ):   1.143716864745e-02
      27       70 (   0.277777777778   0.333333333333 ) ->       28       68 (   0.222222222222   0.166666666667 ):   1.284680600482e-02
      27       70 (   0.277777777778   0.333333333333 ) ->       28       69 (   0.222222222222   0.222222222222 ):   1.396002873866e-02
      27       70 (   0.277777777778   0.333333333333 ) ->       28       59 (   0.222222222222   0.277777777778 ):   1.366572934617e-02
      28        1 (   0.277777777778   0.277777777778 ) ->       27        1 (   0.277777777778   0.277777777778 ):   1.032365520867e-01
      28        1 (   0.277777777778   0.277777777778 ) ->       27       70 (   0.277777777778   0.333333333333 ):   4.993609294689e-11
      28        1 (   0.277777777778   0.277777777778 ) ->       27       71 (   0.277777777778   0.666666666667 ):   3.280851912355e-12
      28        1 (   0.277777777778   0.277777777778 ) ->       27        2 (   0.277777777778   0.722222222222 ):   3.852969375241e-03
      28        1 (   0.277777777778   0.277777777778 ) ->       27        3 (   0.277777777778   0.777777777778 ):   7.246816675977e-03
      28        1 (   0.277777777778   0.277777777778 ) ->       27        4 (   0.277777777778   0.833333333333 ):   7.864919718202e-03
      28        1 (   0.277777777778   0.277777777778 ) ->       27        5 (   0.277777777778   0.888888888889 ):   7.497521390653e-03
      28        1 (   0.277777777778   0.277777777778 ) ->       27        6 (   0.277777777778   0.944444444444 ):   1.120597106519e-03
      28        1 (   0.277777777778   0.277777777778 ) ->       27        7 (   0.277777777778   0.000000000000 ):   8.995604678978e-02
      28        1 (   0.277777777778   0.277777777778 ) ->       27        8 (   0.277777777778   0.055555555556 ):   1.459534218037e-01
      28        1 (   0.277777777778   0.277777777778 ) ->       27        9 (   0.277777777778   0.111111111111 ):   1.531081728828e-01
      28        1 (   0.277777777778   0.277777777778 ) ->       27       10 (   0.277777777778   0.166666666667 ):   1.667976836950e-01
      28        1 (   0.277777777778   0.277777777778 ) ->       27       11 (   0.277777777778   0.222222222222 ):   1.909172955626e-01
      28        1 (   0.277777777778   0.277777777778 ) ->       27       72 (   0.333333333333   0.277777777778 ):   5.493680511465e-13
      28        1 (   0.277777777778   0.277777777778 ) ->       27       12 (   0.333333333333   0.944444444444 ):   5.675323641676e-04
      28        1 (   0.277777777778   0.277777777778 ) ->       27       13 (   0.333333333333   0.000000000000 ):   5.916397952042e-03
      28        1 (   0.277777777778   0.277777777778 ) ->       27       14 (   0.333333333333   0.055555555556 ):   4.975001758813e-03
      28        1 (   0.277777777778   0.277777777778 ) ->       27       15 (   0.333333333333   0.111111111111 ):   3.918061154906e-03
      28        1 (   0.277777777778   0.277777777778 ) ->       27       16 (   0.333333333333   0.166666666667 ):   2.647900144440e-03
      28        1 (   0.277777777778   0.277777777778 ) ->       27       17 (   0.333333333333   0.222222222222 ):   9.905945625955e-04
      28        1 (   0.277777777778   0.277777777778 ) ->       27       18 (   0.722222222222   0.722222222222 ):   3.264307237305e-04
      28        1 (   0.277777777778   0.277777777778 ) ->       27       19 (   0.722222222222   0.777777777778 ):   2.023576588820e-03
      28        1 (   0.277777777778   0.277777777778 ) ->       27       20 (   0.722222222222   0.833333333333 ):   3.461538147843e-03
      28        1 (   0.277777777778   0.277777777778 ) ->       27       21 (   0.722222222222   0.888888888889 ):   4.611711022132e-03
      28        1 (   0.277777777778   0.277777777778 ) ->       27       22 (   0.722222222222   0.944444444444 ):   5.610257400464e-03
      28        1 (   0.277777777778   0.277777777778 ) ->       27       23 (   0.722222222222   0.000000000000 ):   5.374679312761e-04
      28        1 (   0.277777777778   0.277777777778 ) ->       27       24 (   0.777777777778   0.277777777778 ):   1.534755807708e-03
      28        1 (   0.277777777778   0.277777777778 ) ->       27       25 (   0.777777777778   0.666666666667 ):   3.137655385887e-02
      28        1 (   0.277777777778   0.277777777778 ) ->       27       26 (   0.777777777778   0.722222222222 ):   1.828735445354e-01
      28        1 (   0.277777777778   0.277777777778 ) ->       27       27 (   0.777777777778   0.777777777778 ):   1.769064750954e-01
      28        1 (   0.277777777778   0.277777777778 ) ->       27       28 (   0.777777777778   0.833333333333 ):   1.588837273287e-01
      28        1 (   0.277777777778   0.277777777778 ) ->       27       29 (   0.777777777778   0.888888888889 ):   1.489079181990e-01
      28        1 (   0.277777777778   0.277777777778 ) ->       27       30 (   0.777777777778   0.944444444444 ):   8.475565788428e-02
      28        1 (   0.277777777778   0.277777777778 ) ->       27       31 (   0.777777777778   0.000000000000 ):   5.660021645017e-04
      28        1 (   0.277777777778   0.277777777778 ) ->       27       32 (   0.777777777778   0.055555555556 ):   7.335466901114e-03
      28        1 (   0.277777777778   0.277777777778 ) ->       27       33 (   0.777777777778   0.111111111111 ):   7.949121681913e-03
      28        1 (   0.277777777778   0.277777777778 ) ->       27       34 (   0.777777777778   0.166666666667 ):   7.993267359466e-03
      28        1 (   0.277777777778   0.277777777778 ) ->       27       35 (   0.777777777778   0.222222222222 ):   6.481672190037e-03
      28        1 (   0.277777777778   0.277777777778 ) ->       27       36 (   0.833333333333   0.277777777778 ):   3.137652756784e-02
      28        1 (   0.277777777778   0.277777777778 ) ->       27       37 (   0.833333333333   0.666666666667 ):   1.534757003234e-03
      28        1 (   0.277777777778   0.277777777778 ) ->       27       38 (   0.833333333333   0.722222222222 ):   6.481672774485e-03
      28        1 (   0.277777777778   0.277777777778 ) ->       27       39 (   0.833333333333   0.777777777778 ):   7.993267671598e-03
      28        1 (   0.277777777778   0.277777777778 ) ->       27       40 (   0.833333333333   0.833333333333 ):   7.949121912492e-03
      28        1 (   0.277777777778   0.277777777778 ) ->       27       41 (   0.833333333333   0.888888888889 ):   7.335466775607e-03
      28        1 (   0.277777777778   0.277777777778 ) ->       27       42 (   0.833333333333   0.944444444444 ):   5.660021552685e-04
      28        1 (   0.277777777778   0.277777777778 ) ->       27       43 (   0.833333333333   0.000000000000 ):   8.475565766978e-02
      28        1 (   0.277777777778   0.277777777778 ) ->       27       44 (   0.833333333333   0.055555555556 ):   1.489079192482e-01
      28        1 (   0.277777777778   0.277777777778 ) ->       27       45 (   0.833333333333   0.111111111111 ):   1.588837297586e-01
      28        1 (   0.277777777778   0.277777777778 ) ->       27       46 (   0.833333333333   0.166666666667 ):   1.769064780495e-01
      28        1 (   0.277777777778   0.277777777778 ) ->       27       47 (   0.833333333333   0.222222222222 ):   1.828735254706e-01
      28        1 (   0.277777777778   0.277777777778 ) ->       27       48 (   0.888888888889   0.944444444444 ):   5.374679030190e-04
      28        1 (   0.277777777778   0.277777777778 ) ->       27       49 (   0.888888888889   0.000000000000 ):   5.610257312226e-03
      28        1 (   0.277777777778   0.277777777778 ) ->       27       50 (   0.888888888889   0.055555555556 ):   4.611710792687e-03
      28        1 (   0.277777777778   0.277777777778 ) ->       27       51 (   0.888888888889   0.111111111111 ):   3.461537918643e-03
      28        1 (   0.277777777778   0.277777777778 ) ->       27       52 (   0.888888888889   0.166666666667 ):   2.023576346847e-03
      28        1 (   0.277777777778   0.277777777778 ) ->       27       53 (   0.888888888889   0.222222222222 ):   3.264304478459e-04
      28        1 (   0.277777777778   0.277777777778 ) ->       27       79 (   0.166666666667   0.722222222222 ):   5.493680346610e-13
      28        1 (   0.277777777778   0.277777777778 ) ->       27       54 (   0.166666666667   0.777777777778 ):   9.905945481220e-04
      28        1 (   0.277777777778   0.277777777778 ) ->       27       55 (   0.166666666667   0.833333333333 ):   2.647900106282e-03
      28        1 (   0.277777777778   0.277777777778 ) ->       27       56 (   0.166666666667   0.888888888889 ):   3.918061098076e-03
      28        1 (   0.277777777778   0.277777777778 ) ->       27       57 (   0.166666666667   0.944444444444 ):   4.975671037641e-03
      28        1 (   0.277777777778   0.277777777778 ) ->       27       58 (   0.166666666667   0.000000000000 ):   4.383207079129e-04
      28        1 (   0.277777777778   0.277777777778 ) ->       27       59 (   0.222222222222   0.277777777778 ):   3.852969483788e-03
      28        1 (   0.277777777778   0.277777777778 ) ->       27       80 (   0.222222222222   0.333333333333 ):   3.280851915649e-12
      28        1 (   0.277777777778   0.277777777778 ) ->       27       81 (   0.222222222222   0.666666666667 ):   4.993609272854e-11
      28        1 (   0.277777777778   0.277777777778 ) ->       27       60 (   0.222222222222   0.722222222222 ):   1.032365508729e-01
      28        1 (   0.277777777778   0.277777777778 ) ->       27       61 (   0.222222222222   0.777777777778 ):   1.909172941376e-01
      28        1 (   0.277777777778   0.277777777778 ) ->       27       62 (   0.222222222222   0.833333333333 ):   1.667976832364e-01
      28        1 (   0.277777777778   0.277777777778 ) ->       27       63 (   0.222222222222   0.888888888889 ):   1.531081724254e-01
      28        1 (   0.277777777778   0.277777777778 ) ->       27       64 (   0.222222222222   0.944444444444 ):   9.091835801304e-02
      28        1 (   0.277777777778   0.277777777778 ) ->       27       65 (   0.222222222222   0.000000000000 ):   9.746877660168e-04
      28        1 (   0.277777777778   0.277777777778 ) ->       27       66 (   0.222222222222   0.055555555556 ):   6.774507159728e-03
      28        1 (   0.277777777778   0.277777777778 ) ->       27       67 (   0.222222222222   0.111111111111 ):   7.497521387945e-03
      28        1 (   0.277777777778   0.277777777778 ) ->       27       68 (   0.222222222222   0.166666666667 ):   7.864919718202e-03
      28        1 (   0.277777777778   0.277777777778 ) ->       27       69 (   0.222222222222   0.222222222222 ):   7.246816678056e-03
      28       70 (   0.277777777778   0.333333333333 ) ->       27       70 (   0.277777777778   0.333333333333 ):   1.226793531510e-01
      28       70 (   0.277777777778   0.333333333333 ) ->       27       82 (   0.277777777778   0.388888888889 ):   6.234335274511e-11
      28       70 (   0.277777777778   0.333333333333 ) ->       27       83 (   0.277777777778   0.611111111111 ):   7.781111254635e-12
      28       70 (   0.277777777778   0.333333333333 ) ->       27       71 (   0.277777777778   0.666666666667 ):   8.060126441683e-03
      28       70 (   0.277777777778   0.333333333333 ) ->       27        2 (   0.277777777778   0.722222222222 ):   1.366621083705e-02
      28       70 (   0.277777777778   0.333333333333 ) ->       27        3 (   0.277777777778   0.777777777778 ):   1.396035355342e-02
      28       70 (   0.277777777778   0.333333333333 ) ->       27        4 (   0.277777777778   0.833333333333 ):   1.284704011534e-02
      28       70 (   0.277777777778   0.333333333333 ) ->       27        5 (   0.277777777778   0.888888888889 ):   1.143734574783e-02
      28       70 (   0.277777777778   0.333333333333 ) ->       27        6 (   0.277777777778   0.944444444444 ):   2.468484095213e-03
      28       70 (   0.277777777778   0.333333333333 ) ->       27        7 (   0.277777777778   0.000000000000 ):   9.431837060761e-02
      28       70 (   0.277777777778   0.333333333333 ) ->       27        8 (   0.277777777778   0.055555555556 ):   1.395875608387e-01
      28       70 (   0.277777777778   0.333333333333 ) ->       27        9 (   0.277777777778   0.111111111111 ):   1.460729188773e-01
      28       70 (   0.277777777778   0.333333333333 ) ->       27       10 (   0.277777777778   0.166666666667 ):   1.584137320673e-01
      28       70 (   0.277777777778   0.333333333333 ) ->       27       11 (   0.277777777778   0.222222222222 ):   1.799527077969e-01
      28       70 (   0.277777777778   0.333333333333 ) ->       27        1 (   0.277777777778   0.277777777778 ):   2.191281698072e-01
      28       70 (   0.277777777778   0.333333333333 ) ->       27       84 (   0.333333333333   0.333333333333 ):   7.313862846474e-13
      28       70 (   0.277777777778   0.333333333333 ) ->       27       12 (   0.333333333333   0.944444444444 ):   1.234803066844e-03
      28       70 (   0.277777777778   0.333333333333 ) ->       27       13 (   0.333333333333   0.000000000000 ):   8.783739231608e-03
      28       70 (   0.277777777778   0.333333333333 ) ->       27       14 (   0.333333333333   0.055555555556 ):   7.586383338028e-03
      28       70 (   0.277777777778   0.333333333333 ) ->       27       15 (   0.333333333333   0.111111111111 ):   6.395043328862e-03
      28       70 (   0.277777777778   0.333333333333 ) ->       27       16 (   0.333333333333   0.166666666667 ):   5.093498561014e-03
      28       70 (   0.277777777778   0.333333333333 ) ->       27       17 (   0.333333333333   0.222222222222 ):   3.505586483947e-03
      28       70 (   0.277777777778   0.333333333333 ) ->       27       72 (   0.333333333333   0.277777777778 ):   1.349642127566e-03
      28       70 (   0.277777777778   0.333333333333 ) ->       27       73 (   0.722222222222   0.666666666667 ):   4.400543273977e-04
      28       70 (   0.277777777778   0.333333333333 ) ->       27       18 (   0.722222222222   0.722222222222 ):   2.687575984137e-03
      28       70 (   0.277777777778   0.333333333333 ) ->       27       19 (   0.722222222222   0.777777777778 ):   4.515219378034e-03
      28       70 (   0.277777777778   0.333333333333 ) ->       27       20 (   0.722222222222   0.833333333333 ):   5.932917794752e-03
      28       70 (   0.277777777778   0.333333333333 ) ->       27       21 (   0.722222222222   0.888888888889 ):   7.163376668490e-03
      28       70 (   0.277777777778   0.333333333333 ) ->       27       22 (   0.722222222222   0.944444444444 ):   8.355042616265e-03
      28       70 (   0.277777777778   0.333333333333 ) ->       27       23 (   0.722222222222   0.000000000000 ):   1.162127605635e-03
      28       70 (   0.277777777778   0.333333333333 ) ->       27       74 (   0.777777777778   0.333333333333 ):   3.375349293373e-03
      28       70 (   0.277777777778   0.333333333333 ) ->       27       75 (   0.777777777778   0.611111111111 ):   3.801931512918e-02
      28       70 (   0.277777777778   0.333333333333 ) ->       27       25 (   0.777777777778   0.666666666667 ):   2.169467086054e-01
      28       70 (   0.277777777778   0.333333333333 ) ->       27       26 (   0.777777777778   0.722222222222 ):   1.959537593430e-01
      28       70 (   0.277777777778   0.333333333333 ) ->       27       27 (   0.777777777778   0.777777777778 ):   1.674374234602e-01
      28       70 (   0.277777777778   0.333333333333 ) ->       27       28 (   0.777777777778   0.833333333333 ):   1.512646088030e-01
      28       70 (   0.277777777778   0.333333333333 ) ->       27       29 (   0.777777777778   0.888888888889 ):   1.422444858119e-01
      28       70 (   0.277777777778   0.333333333333 ) ->       27       30 (   0.777777777778   0.944444444444 ):   8.648114346331e-02
      28       70 (   0.277777777778   0.333333333333 ) ->       27       31 (   0.777777777778   0.000000000000 ):   1.223825091583e-03
      28       70 (   0.277777777778   0.333333333333 ) ->       27       32 (   0.777777777778   0.055555555556 ):   1.092466456221e-02
      28       70 (   0.277777777778   0.333333333333 ) ->       27       33 (   0.777777777778   0.111111111111 ):   1.235403263352e-02
      28       70 (   0.277777777778   0.333333333333 ) ->       27       34 (   0.777777777778   0.166666666667 ):   1.371532369587e-02
      28       70 (   0.277777777778   0.333333333333 ) ->       27       35 (   0.777777777778   0.222222222222 ):   1.449141623312e-02
      28       70 (   0.277777777778   0.333333333333 ) ->       27       24 (   0.777777777778   0.277777777778 ):   1.265620459241e-02
      28       70 (   0.277777777778   0.333333333333 ) ->       27       76 (   0.833333333333   0.333333333333 ):   3.801929012263e-02
      28       70 (   0.277777777778   0.333333333333 ) ->       27       77 (   0.833333333333   0.611111111111 ):   3.375351246735e-03
      28       70 (   0.277777777778   0.333333333333 ) ->       27       37 (   0.833333333333   0.666666666667 ):   1.265620592798e-02
      28       70 (   0.277777777778   0.333333333333 ) ->       27       38 (   0.833333333333   0.722222222222 ):   1.449141651414e-02
      28       70 (   0.277777777778   0.333333333333 ) ->       27       39 (   0.833333333333   0.777777777778 ):   1.371532381327e-02
      28       70 (   0.277777777778   0.333333333333 ) ->       27       40 (   0.833333333333   0.833333333333 ):   1.235403273987e-02
      28       70 (   0.277777777778   0.333333333333 ) ->       27       41 (   0.833333333333   0.888888888889 ):   1.092466437687e-02
      28       70 (   0.277777777778   0.333333333333 ) ->       27       42 (   0.833333333333   0.944444444444 ):   1.223825071618e-03
      28       70 (   0.277777777778   0.333333333333 ) ->       27       43 (   0.833333333333   0.000000000000 ):   8.648114313448e-02
      28       70 (   0.277777777778   0.333333333333 ) ->       27       44 (   0.833333333333   0.055555555556 ):   1.422444867529e-01
      28       70 (   0.277777777778   0.333333333333 ) ->       27       45 (   0.833333333333   0.111111111111 ):   1.512646111080e-01
      28       70 (   0.277777777778   0.333333333333 ) ->       27       46 (   0.833333333333   0.166666666667 ):   1.674374260556e-01
      28       70 (   0.277777777778   0.333333333333 ) ->       27       47 (   0.833333333333   0.222222222222 ):   1.959537662920e-01
      28       70 (   0.277777777778   0.333333333333 ) ->       27       36 (   0.833333333333   0.277777777778 ):   2.169466955476e-01
      28       70 (   0.277777777778   0.333333333333 ) ->       27       48 (   0.888888888889   0.944444444444 ):   1.162127544537e-03
      28       70 (   0.277777777778   0.333333333333 ) ->       27       49 (   0.888888888889   0.000000000000 ):   8.355042483206e-03
      28       70 (   0.277777777778   0.333333333333 ) ->       27       50 (   0.888888888889   0.055555555556 ):   7.163376456156e-03
      28       70 (   0.277777777778   0.333333333333 ) ->       27       51 (   0.888888888889   0.111111111111 ):   5.932917583424e-03
      28       70 (   0.277777777778   0.333333333333 ) ->       27       52 (   0.888888888889   0.166666666667 ):   4.515219154266e-03
      28       70 (   0.277777777778   0.333333333333 ) ->       27       53 (   0.888888888889   0.222222222222 ):   2.687575524370e-03
      28       70 (   0.277777777778   0.333333333333 ) ->       27       78 (   0.888888888889   0.277777777778 ):   4.400540299105e-04
      28       70 (   0.277777777778   0.333333333333 ) ->       27       85 (   0.166666666667   0.666666666667 ):   7.313862726749e-13
      28       70 (   0.277777777778   0.333333333333 ) ->       27       79 (   0.166666666667   0.722222222222 ):   1.349642087066e-03
      28       70 (   0.277777777778   0.333333333333 ) ->       27       54 (   0.166666666667   0.777777777778 ):   3.505586432369e-03
      28       70 (   0.277777777778   0.333333333333 ) ->       27       55 (   0.166666666667   0.833333333333 ):   5.093498487596e-03
      28       70 (   0.277777777778   0.333333333333 ) ->       27       56 (   0.166666666667   0.888888888889 ):   6.395043236081e-03
      28       70 (   0.277777777778   0.333333333333 ) ->       27       57 (   0.166666666667   0.944444444444 ):   7.587876247508e-03
      28       70 (   0.277777777778   0.333333333333 ) ->       27       58 (   0.166666666667   0.000000000000 ):   9.776945117687e-04
      28       70 (   0.277777777778   0.333333333333 ) ->       27       80 (   0.222222222222   0.333333333333 ):   8.060126449776e-03
      28       70 (   0.277777777778   0.333333333333 ) ->       27       86 (   0.222222222222   0.388888888889 ):   7.781111254635e-12
      28       70 (   0.277777777778   0.333333333333 ) ->       27       87 (   0.222222222222   0.611111111111 ):   6.234335262745e-11
      28       70 (   0.277777777778   0.333333333333 ) ->       27       81 (   0.222222222222   0.666666666667 ):   1.226793526146e-01
      28       70 (   0.277777777778   0.333333333333 ) ->       27       60 (   0.222222222222   0.722222222222 ):   2.191281681825e-01
      28       70 (   0.277777777778   0.333333333333 ) ->       27       61 (   0.222222222222   0.777777777778 ):   1.799527065719e-01
      28       70 (   0.277777777778   0.333333333333 ) ->       27       62 (   0.222222222222   0.833333333333 ):   1.584137316443e-01
      28       70 (   0.277777777778   0.333333333333 ) ->       27       63 (   0.222222222222   0.888888888889 ):   1.460729184573e-01
      28       70 (   0.277777777778   0.333333333333 ) ->       27       64 (   0.222222222222   0.944444444444 ):   9.487695792947e-02
      28       70 (   0.277777777778   0.333333333333 ) ->       27       65 (   0.222222222222   0.000000000000 ):   2.146057162072e-03
      28       70 (   0.277777777778   0.333333333333 ) ->       27       66 (   0.222222222222   0.055555555556 ):   1.005869368859e-02
      28       70 (   0.277777777778   0.333333333333 ) ->       27       67 (   0.222222222222   0.111111111111 ):   1.143734574179e-02
      28       70 (   0.277777777778   0.333333333333 ) ->       27       68 (   0.222222222222   0.166666666667 ):   1.284704011534e-02
      28       70 (   0.277777777778   0.333333333333 ) ->       27       69 (   0.222222222222   0.222222222222 ):   1.396035356412e-02
      28       70 (   0.277777777778   0.333333333333 ) ->       27       59 (   0.222222222222   0.277777777778 ):   1.366621121215e-02
      28        1 (   0.277777777778   0.277777777778 ) ->       28        1 (   0.277777777778   0.277777777778 ):   1.032312991291e-01
      28        1 (   0.277777777778   0.277777777778 ) ->       28        2 (   0.277777777778   0.722222222222 ):   3.852774137992e-03
      28        1 (   0.277777777778   0.277777777778 ) ->       28        3 (   0.277777777778   0.777777777778 ):   7.246687622892e-03
      28        1 (   0.277777777778   0.277777777778 ) ->       28        4 (   0.277777777778   0.833333333333 ):   7.864831177409e-03
      28        1 (   0.277777777778   0.277777777778 ) ->       28        5 (   0.277777777778   0.888888888889 ):   7.497459873987e-03
      28        1 (   0.277777777778   0.277777777778 ) ->       28        6 (   0.277777777778   0.944444444444 ):   1.120585435922e-03
      28        1 (   0.277777777778   0.277777777778 ) ->       28        7 (   0.277777777778   0.000000000000 ):   8.995576402426e-02
      28        1 (   0.277777777778   0.277777777778 ) ->       28        8 (   0.277777777778   0.055555555556 ):   1.459531120289e-01
      28        1 (   0.277777777778   0.277777777778 ) ->       28        9 (   0.277777777778   0.111111111111 ):   1.531078881703e-01
      28        1 (   0.277777777778   0.277777777778 ) ->       28       10 (   0.277777777778   0.166666666667 ):   1.667974175731e-01
      28        1 (   0.277777777778   0.277777777778 ) ->       28       11 (   0.277777777778   0.222222222222 ):   1.909170466406e-01
      28        1 (   0.277777777778   0.277777777778 ) ->       28       12 (   0.333333333333   0.944444444444 ):   5.675251318698e-04
      28        1 (   0.277777777778   0.277777777778 ) ->       28       13 (   0.333333333333   0.000000000000 ):   5.916361122501e-03
      28        1 (   0.277777777778   0.277777777778 ) ->       28       14 (   0.333333333333   0.055555555556 ):   4.974961667058e-03
      28        1 (   0.277777777778   0.277777777778 ) ->       28       15 (   0.333333333333   0.111111111111 ):   3.918017716478e-03
      28        1 (   0.277777777778   0.277777777778 ) ->       28       16 (   0.333333333333   0.166666666667 ):   2.647853360035e-03
      28        1 (   0.277777777778   0.277777777778 ) ->       28       17 (   0.333333333333   0.222222222222 ):   9.905443635960e-04
      28        1 (   0.277777777778   0.277777777778 ) ->       28       18 (   0.722222222222   0.722222222222 ):   5.694548290993e-05
      28        1 (   0.277777777778   0.277777777778 ) ->       28       19 (   0.722222222222   0.777777777778 ):   1.333624026419e-03
      28        1 (   0.277777777778   0.277777777778 ) ->       28       20 (   0.722222222222   0.833333333333 ):   2.772248120953e-03
      28        1 (   0.277777777778   0.277777777778 ) ->       28       21 (   0.722222222222   0.888888888889 ):   3.903068433796e-03
      28        1 (   0.277777777778   0.277777777778 ) ->       28       22 (   0.722222222222   0.944444444444 ):   4.857345918155e-03
      28        1 (   0.277777777778   0.277777777778 ) ->       28       23 (   0.722222222222   0.000000000000 ):   4.013533762819e-04
      28        1 (   0.277777777778   0.277777777778 ) ->       28       24 (   0.777777777778   0.277777777778 ):   2.749895567821e-04
      28        1 (   0.277777777778   0.277777777778 ) ->       28       25 (   0.777777777778   0.666666666667 ):   5.582519695458e-03
      28        1 (   0.277777777778   0.277777777778 ) ->       28       26 (   0.777777777778   0.722222222222 ):   1.425144477703e-01
      28        1 (   0.277777777778   0.277777777778 ) ->       28       27 (   0.777777777778   0.777777777778 ):   1.814155841201e-01
      28        1 (   0.277777777778   0.277777777778 ) ->       28       28 (   0.777777777778   0.833333333333 ):   1.625332156310e-01
      28        1 (   0.277777777778   0.277777777778 ) ->       28       29 (   0.777777777778   0.888888888889 ):   1.519793268461e-01
      28        1 (   0.277777777778   0.277777777778 ) ->       28       30 (   0.777777777778   0.944444444444 ):   9.001302755797e-02
      28        1 (   0.277777777778   0.277777777778 ) ->       28       31 (   0.777777777778   0.000000000000 ):   8.390958347365e-04
      28        1 (   0.277777777778   0.277777777778 ) ->       28       32 (   0.777777777778   0.055555555556 ):   6.398624942886e-03
      28        1 (   0.277777777778   0.277777777778 ) ->       28       33 (   0.777777777778   0.111111111111 ):   6.828365925974e-03
      28        1 (   0.277777777778   0.277777777778 ) ->       28       34 (   0.777777777778   0.166666666667 ):   6.555348481007e-03
      28        1 (   0.277777777778   0.277777777778 ) ->       28       35 (   0.777777777778   0.222222222222 ):   4.380320133487e-03
      28        1 (   0.277777777778   0.277777777778 ) ->       28       36 (   0.833333333333   0.277777777778 ):   5.582519769391e-03
      28        1 (   0.277777777778   0.277777777778 ) ->       28       37 (   0.833333333333   0.666666666667 ):   2.749895478022e-04
      28        1 (   0.277777777778   0.277777777778 ) ->       28       38 (   0.833333333333   0.722222222222 ):   4.380320018035e-03
      28        1 (   0.277777777778   0.277777777778 ) ->       28       39 (   0.833333333333   0.777777777778 ):   6.555348334600e-03
      28        1 (   0.277777777778   0.277777777778 ) ->       28       40 (   0.833333333333   0.833333333333 ):   6.828365794812e-03
      28        1 (   0.277777777778   0.277777777778 ) ->       28       41 (   0.833333333333   0.888888888889 ):   6.398624938581e-03
      28        1 (   0.277777777778   0.277777777778 ) ->       28       42 (   0.833333333333   0.944444444444 ):   8.390958210853e-04
      28        1 (   0.277777777778   0.277777777778 ) ->       28       43 (   0.833333333333   0.000000000000 ):   9.001302715034e-02
      28        1 (   0.277777777778   0.277777777778 ) ->       28       44 (   0.833333333333   0.055555555556 ):   1.519793269892e-01
      28        1 (   0.277777777778   0.277777777778 ) ->       28       45 (   0.833333333333   0.111111111111 ):   1.625332165576e-01
      28        1 (   0.277777777778   0.277777777778 ) ->       28       46 (   0.833333333333   0.166666666667 ):   1.814155854422e-01
      28        1 (   0.277777777778   0.277777777778 ) ->       28       47 (   0.833333333333   0.222222222222 ):   1.425144491870e-01
      28        1 (   0.277777777778   0.277777777778 ) ->       28       48 (   0.888888888889   0.944444444444 ):   4.013533600356e-04
      28        1 (   0.277777777778   0.277777777778 ) ->       28       49 (   0.888888888889   0.000000000000 ):   4.857345843146e-03
      28        1 (   0.277777777778   0.277777777778 ) ->       28       50 (   0.888888888889   0.055555555556 ):   3.903068432772e-03
      28        1 (   0.277777777778   0.277777777778 ) ->       28       51 (   0.888888888889   0.111111111111 ):   2.772248120953e-03
      28        1 (   0.277777777778   0.277777777778 ) ->       28       52 (   0.888888888889   0.166666666667 ):   1.333624026432e-03
      28        1 (   0.277777777778   0.277777777778 ) ->       28       53 (   0.888888888889   0.222222222222 ):   5.694548374747e-05
      28        1 (   0.277777777778   0.277777777778 ) ->       28       54 (   0.166666666667   0.777777777778 ):   9.905443491232e-04
      28        1 (   0.277777777778   0.277777777778 ) ->       28       55 (   0.166666666667   0.833333333333 ):   2.647853321877e-03
      28        1 (   0.277777777778   0.277777777778 ) ->       28       56 (   0.166666666667   0.888888888889 ):   3.918017660704e-03
      28        1 (   0.277777777778   0.277777777778 ) ->       28       57 (   0.166666666667   0.944444444444 ):   4.975630568453e-03
      28        1 (   0.277777777778   0.277777777778 ) ->       28       58 (   0.166666666667   0.000000000000 ):   4.383137364081e-04
      28        1 (   0.277777777778   0.277777777778 ) ->       28       59 (   0.222222222222   0.277777777778 ):   3.852774246534e-03
      28        1 (   0.277777777778   0.277777777778 ) ->       28       60 (   0.222222222222   0.722222222222 ):   1.032312979153e-01
      28        1 (   0.277777777778   0.277777777778 ) ->       28       61 (   0.222222222222   0.777777777778 ):   1.909170452156e-01
      28        1 (   0.277777777778   0.277777777778 ) ->       28       62 (   0.222222222222   0.833333333333 ):   1.667974171145e-01
      28        1 (   0.277777777778   0.277777777778 ) ->       28       63 (   0.222222222222   0.888888888889 ):   1.531078879435e-01
      28        1 (   0.277777777778   0.277777777778 ) ->       28       64 (   0.222222222222   0.944444444444 ):   9.091807611237e-02
      28        1 (   0.277777777778   0.277777777778 ) ->       28       65 (   0.222222222222   0.000000000000 ):   9.746778629469e-04
      28        1 (   0.277777777778   0.277777777778 ) ->       28       66 (   0.222222222222   0.055555555556 ):   6.774465259911e-03
      28        1 (   0.277777777778   0.277777777778 ) ->       28       67 (   0.222222222222   0.111111111111 ):   7.497459873987e-03
      28        1 (   0.277777777778   0.277777777778 ) ->       28       68 (   0.222222222222   0.166666666667 ):   7.864831177409e-03
      28        1 (   0.277777777778   0.277777777778 ) ->       28       69 (   0.222222222222   0.222222222222 ):   7.246687624972e-03
      28       70 (   0.277777777778   0.333333333333 ) ->       28       70 (   0.277777777778   0.333333333333 ):   1.226726213950e-01
      28       70 (   0.277777777778   0.333333333333 ) ->       28       71 (   0.277777777778   0.666666666667 ):   8.059730745062e-03
      28       70 (   0.277777777778   0.333333333333 ) ->       28        2 (   0.277777777778   0.722222222222 ):   1.366596818287e-02
      28       70 (   0.277777777778   0.333333333333 ) ->       28        3 (   0.277777777778   0.777777777778 ):   1.396019210803e-02
      28       70 (   0.277777777778   0.333333333333 ) ->       28        4 (   0.277777777778   0.833333333333 ):   1.284692716126e-02
      28       70 (   0.277777777778   0.333333333333 ) ->       28        5 (   0.277777777778   0.888888888889 ):   1.143726442215e-02
      28       70 (   0.277777777778   0.333333333333 ) ->       28        6 (   0.277777777778   0.944444444444 ):   2.468460009101e-03
      28       70 (   0.277777777778   0.333333333333 ) ->       28        7 (   0.277777777778   0.000000000000 ):   9.431805855613e-02
      28       70 (   0.277777777778   0.333333333333 ) ->       28        8 (   0.277777777778   0.055555555556 ):   1.395872831760e-01
      28       70 (   0.277777777778   0.333333333333 ) ->       28        9 (   0.277777777778   0.111111111111 ):   1.460726682869e-01
      28       70 (   0.277777777778   0.333333333333 ) ->       28       10 (   0.277777777778   0.166666666667 ):   1.584135055101e-01
      28       70 (   0.277777777778   0.333333333333 ) ->       28       11 (   0.277777777778   0.222222222222 ):   1.799525092634e-01
      28       70 (   0.277777777778   0.333333333333 ) ->       28        1 (   0.277777777778   0.277777777778 ):   2.191280274431e-01
      28       70 (   0.277777777778   0.333333333333 ) ->       28       12 (   0.333333333333   0.944444444444 ):   1.234787331242e-03
      28       70 (   0.277777777778   0.333333333333 ) ->       28       13 (   0.333333333333   0.000000000000 ):   8.783686969306e-03
      28       70 (   0.277777777778   0.333333333333 ) ->       28       14 (   0.333333333333   0.055555555556 ):   7.586330504748e-03
      28       70 (   0.277777777778   0.333333333333 ) ->       28       15 (   0.333333333333   0.111111111111 ):   6.394988201273e-03
      28       70 (   0.277777777778   0.333333333333 ) ->       28       16 (   0.333333333333   0.166666666667 ):   5.093440389193e-03
      28       70 (   0.277777777778   0.333333333333 ) ->       28       17 (   0.333333333333   0.222222222222 ):   3.505524457569e-03
      28       70 (   0.277777777778   0.333333333333 ) ->       28       72 (   0.333333333333   0.277777777778 ):   1.349575613088e-03
      28       70 (   0.277777777778   0.333333333333 ) ->       28       73 (   0.722222222222   0.666666666667 ):   1.327391735858e-04
      28       70 (   0.277777777778   0.333333333333 ) ->       28       18 (   0.722222222222   0.722222222222 ):   1.986770601869e-03
      28       70 (   0.277777777778   0.333333333333 ) ->       28       19 (   0.722222222222   0.777777777778 ):   3.837391276619e-03
      28       70 (   0.277777777778   0.333333333333 ) ->       28       20 (   0.722222222222   0.833333333333 ):   5.259872378434e-03
      28       70 (   0.277777777778   0.333333333333 ) ->       28       21 (   0.722222222222   0.888888888889 ):   6.476624819101e-03
      28       70 (   0.277777777778   0.333333333333 ) ->       28       22 (   0.722222222222   0.944444444444 ):   7.630336175601e-03
      28       70 (   0.277777777778   0.333333333333 ) ->       28       23 (   0.722222222222   0.000000000000 ):   9.594212165175e-04
      28       70 (   0.277777777778   0.333333333333 ) ->       28       74 (   0.777777777778   0.333333333333 ):   1.047032557985e-03
      28       70 (   0.277777777778   0.333333333333 ) ->       28       75 (   0.777777777778   0.611111111111 ):   1.172532823313e-02
      28       70 (   0.277777777778   0.333333333333 ) ->       28       25 (   0.777777777778   0.666666666667 ):   1.822145045851e-01
      28       70 (   0.277777777778   0.333333333333 ) ->       28       26 (   0.777777777778   0.722222222222 ):   2.015101392506e-01
      28       70 (   0.277777777778   0.333333333333 ) ->       28       27 (   0.777777777778   0.777777777778 ):   1.717071065619e-01
      28       70 (   0.277777777778   0.333333333333 ) ->       28       28 (   0.777777777778   0.833333333333 ):   1.547463204349e-01
      28       70 (   0.277777777778   0.333333333333 ) ->       28       29 (   0.777777777778   0.888888888889 ):   1.452007932596e-01
      28       70 (   0.277777777778   0.333333333333 ) ->       28       30 (   0.777777777778   0.944444444444 ):   9.439983482818e-02
      28       70 (   0.277777777778   0.333333333333 ) ->       28       31 (   0.777777777778   0.000000000000 ):   2.005829261972e-03
      28       70 (   0.277777777778   0.333333333333 ) ->       28       32 (   0.777777777778   0.055555555556 ):   1.005342627483e-02
      28       70 (   0.277777777778   0.333333333333 ) ->       28       33 (   0.777777777778   0.111111111111 ):   1.133733796406e-02
      28       70 (   0.277777777778   0.333333333333 ) ->       28       34 (   0.777777777778   0.166666666667 ):   1.245050185979e-02
      28       70 (   0.277777777778   0.333333333333 ) ->       28       35 (   0.777777777778   0.222222222222 ):   1.262782088356e-02
      28       70 (   0.277777777778   0.333333333333 ) ->       28       24 (   0.777777777778   0.277777777778 ):   9.600395894705e-03
      28       70 (   0.277777777778   0.333333333333 ) ->       28       76 (   0.833333333333   0.333333333333 ):   1.172532841384e-02
      28       70 (   0.277777777778   0.333333333333 ) ->       28       77 (   0.833333333333   0.611111111111 ):   1.047032512448e-03
      28       70 (   0.277777777778   0.333333333333 ) ->       28       37 (   0.833333333333   0.666666666667 ):   9.600395580852e-03
      28       70 (   0.277777777778   0.333333333333 ) ->       28       38 (   0.833333333333   0.722222222222 ):   1.262782054965e-02
      28       70 (   0.277777777778   0.333333333333 ) ->       28       39 (   0.833333333333   0.777777777778 ):   1.245050158119e-02
      28       70 (   0.277777777778   0.333333333333 ) ->       28       40 (   0.833333333333   0.833333333333 ):   1.133733774812e-02
      28       70 (   0.277777777778   0.333333333333 ) ->       28       41 (   0.833333333333   0.888888888889 ):   1.005342626417e-02
      28       70 (   0.277777777778   0.333333333333 ) ->       28       42 (   0.833333333333   0.944444444444 ):   2.005829229340e-03
      28       70 (   0.277777777778   0.333333333333 ) ->       28       43 (   0.833333333333   0.000000000000 ):   9.439983437065e-02
      28       70 (   0.277777777778   0.333333333333 ) ->       28       44 (   0.833333333333   0.055555555556 ):   1.452007933774e-01
      28       70 (   0.277777777778   0.333333333333 ) ->       28       45 (   0.833333333333   0.111111111111 ):   1.547463212497e-01
      28       70 (   0.277777777778   0.333333333333 ) ->       28       46 (   0.833333333333   0.166666666667 ):   1.717071077031e-01
      28       70 (   0.277777777778   0.333333333333 ) ->       28       47 (   0.833333333333   0.222222222222 ):   2.015101413350e-01
      28       70 (   0.277777777778   0.333333333333 ) ->       28       36 (   0.833333333333   0.277777777778 ):   1.822145071639e-01
      28       70 (   0.277777777778   0.333333333333 ) ->       28       48 (   0.888888888889   0.944444444444 ):   9.594211776812e-04
      28       70 (   0.277777777778   0.333333333333 ) ->       28       49 (   0.888888888889   0.000000000000 ):   7.630336057504e-03
      28       70 (   0.277777777778   0.333333333333 ) ->       28       50 (   0.888888888889   0.055555555556 ):   6.476624816489e-03
      28       70 (   0.277777777778   0.333333333333 ) ->       28       51 (   0.888888888889   0.111111111111 ):   5.259872378434e-03
      28       70 (   0.277777777778   0.333333333333 ) ->       28       52 (   0.888888888889   0.166666666667 ):   3.837391277100e-03
      28       70 (   0.277777777778   0.333333333333 ) ->       28       53 (   0.888888888889   0.222222222222 ):   1.986770631018e-03
      28       70 (   0.277777777778   0.333333333333 ) ->       28       78 (   0.888888888889   0.277777777778 ):   1.327391736249e-04
      28       70 (   0.277777777778   0.333333333333 ) ->       28       79 (   0.166666666667   0.722222222222 ):   1.349575592665e-03
      28       70 (   0.277777777778   0.333333333333 ) ->       28       54 (   0.166666666667   0.777777777778 ):   3.505524406340e-03
      28       70 (   0.277777777778   0.333333333333 ) ->       28       55 (   0.166666666667   0.833333333333 ):   5.093440315777e-03
      28       70 (   0.277777777778   0.333333333333 ) ->       28       56 (   0.166666666667   0.888888888889 ):   6.394988111061e-03
      28       70 (   0.277777777778   0.333333333333 ) ->       28       57 (   0.166666666667   0.944444444444 ):   7.587822521884e-03
      28       70 (   0.277777777778   0.333333333333 ) ->       28       58 (   0.166666666667   0.000000000000 ):   9.776802744114e-04
      28       70 (   0.277777777778   0.333333333333 ) ->       28       80 (   0.222222222222   0.333333333333 ):   8.059730753155e-03
      28       70 (   0.277777777778   0.333333333333 ) ->       28       81 (   0.222222222222   0.666666666667 ):   1.226726211268e-01
      28       70 (   0.277777777778   0.333333333333 ) ->       28       60 (   0.222222222222   0.722222222222 ):   2.191280260854e-01
      28       70 (   0.277777777778   0.333333333333 ) ->       28       61 (   0.222222222222   0.777777777778 ):   1.799525080384e-01
      28       70 (   0.277777777778   0.333333333333 ) ->       28       62 (   0.222222222222   0.833333333333 ):   1.584135050872e-01
      28       70 (   0.277777777778   0.333333333333 ) ->       28       63 (   0.222222222222   0.888888888889 ):   1.460726680780e-01
      28       70 (   0.277777777778   0.333333333333 ) ->       28       64 (   0.222222222222   0.944444444444 ):   9.487665423737e-02
      28       70 (   0.277777777778   0.333333333333 ) ->       28       65 (   0.222222222222   0.000000000000 ):   2.146036683167e-03
      28       70 (   0.277777777778   0.333333333333 ) ->       28       66 (   0.222222222222   0.055555555556 ):   1.005863473244e-02
      28       70 (   0.277777777778   0.333333333333 ) ->       28       67 (   0.222222222222   0.111111111111 ):   1.143726442215e-02
      28       70 (   0.277777777778   0.333333333333 ) ->       28       68 (   0.222222222222   0.166666666667 ):   1.284692716126e-02
      28       70 (   0.277777777778   0.333333333333 ) ->       28       69 (   0.222222222222   0.222222222222 ):   1.396019211874e-02
      28       70 (   0.277777777778   0.333333333333 ) ->       28       59 (   0.222222222222   0.277777777778 ):   1.366596855796e-02
