5.42980000 5.42980000 5.42980000
5.42980000 8.14470000 8.14470000
8.14470000 5.42980000 8.14470000
8.14470000 8.14470000 5.42980000
6.78725000 6.78725000 6.78725000
6.78725000 9.50215000 9.50215000
9.50215000 6.78725000 9.50215000
9.50215000 9.50215000 6.78725000
5.42980000 5.42980000 10.85960000
5.42980000 8.14470000 13.57450000
8.14470000 5.42980000 13.57450000
8.14470000 8.14470000 10.85960000
6.78725000 6.78725000 12.21705000
6.78725000 9.50215000 14.93195000
9.50215000 6.78725000 14.93195000
9.50215000 9.50215000 12.21705000
5.42980000 10.85960000 5.42980000
5.42980000 13.57450000 8.14470000
8.14470000 10.85960000 8.14470000
8.14470000 13.57450000 5.42980000
6.78725000 12.21705000 6.78725000
6.78725000 14.93195000 9.50215000
9.50215000 12.21705000 9.50215000
9.50215000 14.93195000 6.78725000
5.42980000 10.85960000 10.85960000
5.42980000 13.57450000 13.57450000
8.14470000 10.85960000 13.57450000
8.14470000 13.57450000 10.85960000
6.78725000 12.21705000 12.21705000
6.78725000 14.93195000 14.93195000
9.50215000 12.21705000 14.93195000
9.50215000 14.93195000 12.21705000
10.85960000 5.42980000 5.42980000
10.85960000 8.14470000 8.14470000
13.57450000 5.42980000 8.14470000
13.57450000 8.14470000 5.42980000
12.21705000 6.78725000 6.78725000
12.21705000 9.50215000 9.50215000
14.93195000 6.78725000 9.50215000
14.93195000 9.50215000 6.78725000
10.85960000 5.42980000 10.85960000
10.85960000 8.14470000 13.57450000
13.57450000 5.42980000 13.57450000
13.57450000 8.14470000 10.85960000
12.21705000 6.78725000 12.21705000
12.21705000 9.50215000 14.93195000
14.93195000 6.78725000 14.93195000
14.93195000 9.50215000 12.21705000
10.85960000 10.85960000 5.42980000
10.85960000 13.57450000 8.14470000
13.57450000 10.85960000 8.14470000
13.57450000 13.57450000 5.42980000
12.21705000 12.21705000 6.78725000
12.21705000 14.93195000 9.50215000
14.93195000 12.21705000 9.50215000
14.93195000 14.93195000 6.78725000
10.85960000 10.85960000 10.85960000
10.85960000 13.57450000 13.57450000
13.57450000 10.85960000 13.57450000
13.57450000 13.57450000 10.85960000
12.21705000 12.21705000 12.21705000
12.21705000 14.93195000 14.93195000
14.93195000 12.21705000 14.93195000
14.93195000 14.93195000 12.21705000
