300
   0.000000000000   0.000000000000   0.000000000000
   0.003333333333   0.003333333333   0.000000000000
   0.006666666667   0.006666666667   0.000000000000
   0.010000000000   0.010000000000   0.000000000000
   0.013333333333   0.013333333333   0.000000000000
   0.016666666667   0.016666666667   0.000000000000
   0.020000000000   0.020000000000   0.000000000000
   0.023333333333   0.023333333333   0.000000000000
   0.026666666667   0.026666666667   0.000000000000
   0.030000000000   0.030000000000   0.000000000000
   0.033333333333   0.033333333333   0.000000000000
   0.036666666667   0.036666666667   0.000000000000
   0.040000000000   0.040000000000   0.000000000000
   0.043333333333   0.043333333333   0.000000000000
   0.046666666667   0.046666666667   0.000000000000
   0.050000000000   0.050000000000   0.000000000000
   0.053333333333   0.053333333333   0.000000000000
   0.056666666667   0.056666666667   0.000000000000
   0.060000000000   0.060000000000   0.000000000000
   0.063333333333   0.063333333333   0.000000000000
   0.066666666667   0.066666666667   0.000000000000
   0.070000000000   0.070000000000   0.000000000000
   0.073333333333   0.073333333333   0.000000000000
   0.076666666667   0.076666666667   0.000000000000
   0.080000000000   0.080000000000   0.000000000000
   0.083333333333   0.083333333333   0.000000000000
   0.086666666667   0.086666666667   0.000000000000
   0.090000000000   0.090000000000   0.000000000000
   0.093333333333   0.093333333333   0.000000000000
   0.096666666667   0.096666666667   0.000000000000
   0.100000000000   0.100000000000   0.000000000000
   0.103333333333   0.103333333333   0.000000000000
   0.106666666667   0.106666666667   0.000000000000
   0.110000000000   0.110000000000   0.000000000000
   0.113333333333   0.113333333333   0.000000000000
   0.116666666667   0.116666666667   0.000000000000
   0.120000000000   0.120000000000   0.000000000000
   0.123333333333   0.123333333333   0.000000000000
   0.126666666667   0.126666666667   0.000000000000
   0.130000000000   0.130000000000   0.000000000000
   0.133333333333   0.133333333333   0.000000000000
   0.136666666667   0.136666666667   0.000000000000
   0.140000000000   0.140000000000   0.000000000000
   0.143333333333   0.143333333333   0.000000000000
   0.146666666667   0.146666666667   0.000000000000
   0.150000000000   0.150000000000   0.000000000000
   0.153333333333   0.153333333333   0.000000000000
   0.156666666667   0.156666666667   0.000000000000
   0.160000000000   0.160000000000   0.000000000000
   0.163333333333   0.163333333333   0.000000000000
   0.166666666667   0.166666666667   0.000000000000
   0.170000000000   0.170000000000   0.000000000000
   0.173333333333   0.173333333333   0.000000000000
   0.176666666667   0.176666666667   0.000000000000
   0.180000000000   0.180000000000   0.000000000000
   0.183333333333   0.183333333333   0.000000000000
   0.186666666667   0.186666666667   0.000000000000
   0.190000000000   0.190000000000   0.000000000000
   0.193333333333   0.193333333333   0.000000000000
   0.196666666667   0.196666666667   0.000000000000
   0.200000000000   0.200000000000   0.000000000000
   0.203333333333   0.203333333333   0.000000000000
   0.206666666667   0.206666666667   0.000000000000
   0.210000000000   0.210000000000   0.000000000000
   0.213333333333   0.213333333333   0.000000000000
   0.216666666667   0.216666666667   0.000000000000
   0.220000000000   0.220000000000   0.000000000000
   0.223333333333   0.223333333333   0.000000000000
   0.226666666667   0.226666666667   0.000000000000
   0.230000000000   0.230000000000   0.000000000000
   0.233333333333   0.233333333333   0.000000000000
   0.236666666667   0.236666666667   0.000000000000
   0.240000000000   0.240000000000   0.000000000000
   0.243333333333   0.243333333333   0.000000000000
   0.246666666667   0.246666666667   0.000000000000
   0.250000000000   0.250000000000   0.000000000000
   0.253333333333   0.253333333333   0.000000000000
   0.256666666667   0.256666666667   0.000000000000
   0.260000000000   0.260000000000   0.000000000000
   0.263333333333   0.263333333333   0.000000000000
   0.266666666667   0.266666666667   0.000000000000
   0.270000000000   0.270000000000   0.000000000000
   0.273333333333   0.273333333333   0.000000000000
   0.276666666667   0.276666666667   0.000000000000
   0.280000000000   0.280000000000   0.000000000000
   0.283333333333   0.283333333333   0.000000000000
   0.286666666667   0.286666666667   0.000000000000
   0.290000000000   0.290000000000   0.000000000000
   0.293333333333   0.293333333333   0.000000000000
   0.296666666667   0.296666666667   0.000000000000
   0.300000000000   0.300000000000   0.000000000000
   0.303333333333   0.303333333333   0.000000000000
   0.306666666667   0.306666666667   0.000000000000
   0.310000000000   0.310000000000   0.000000000000
   0.313333333333   0.313333333333   0.000000000000
   0.316666666667   0.316666666667   0.000000000000
   0.320000000000   0.320000000000   0.000000000000
   0.323333333333   0.323333333333   0.000000000000
   0.326666666667   0.326666666667   0.000000000000
   0.330000000000   0.330000000000   0.000000000000
   0.333333333333   0.333333333333   0.000000000000
   0.335000000000   0.330000000000   0.000000000000
   0.336666666667   0.326666666667   0.000000000000
   0.338333333333   0.323333333333   0.000000000000
   0.340000000000   0.320000000000   0.000000000000
   0.341666666667   0.316666666667   0.000000000000
   0.343333333333   0.313333333333   0.000000000000
   0.345000000000   0.310000000000   0.000000000000
   0.346666666667   0.306666666667   0.000000000000
   0.348333333333   0.303333333333   0.000000000000
   0.350000000000   0.300000000000   0.000000000000
   0.351666666667   0.296666666667   0.000000000000
   0.353333333333   0.293333333333   0.000000000000
   0.355000000000   0.290000000000   0.000000000000
   0.356666666667   0.286666666667   0.000000000000
   0.358333333333   0.283333333333   0.000000000000
   0.360000000000   0.280000000000   0.000000000000
   0.361666666667   0.276666666667   0.000000000000
   0.363333333333   0.273333333333   0.000000000000
   0.365000000000   0.270000000000   0.000000000000
   0.366666666667   0.266666666667   0.000000000000
   0.368333333333   0.263333333333   0.000000000000
   0.370000000000   0.260000000000   0.000000000000
   0.371666666667   0.256666666667   0.000000000000
   0.373333333333   0.253333333333   0.000000000000
   0.375000000000   0.250000000000   0.000000000000
   0.376666666667   0.246666666667   0.000000000000
   0.378333333333   0.243333333333   0.000000000000
   0.380000000000   0.240000000000   0.000000000000
   0.381666666667   0.236666666667   0.000000000000
   0.383333333333   0.233333333333   0.000000000000
   0.385000000000   0.230000000000   0.000000000000
   0.386666666667   0.226666666667   0.000000000000
   0.388333333333   0.223333333333   0.000000000000
   0.390000000000   0.220000000000   0.000000000000
   0.391666666667   0.216666666667   0.000000000000
   0.393333333333   0.213333333333   0.000000000000
   0.395000000000   0.210000000000   0.000000000000
   0.396666666667   0.206666666667   0.000000000000
   0.398333333333   0.203333333333   0.000000000000
   0.400000000000   0.200000000000   0.000000000000
   0.401666666667   0.196666666667   0.000000000000
   0.403333333333   0.193333333333   0.000000000000
   0.405000000000   0.190000000000   0.000000000000
   0.406666666667   0.186666666667   0.000000000000
   0.408333333333   0.183333333333   0.000000000000
   0.410000000000   0.180000000000   0.000000000000
   0.411666666667   0.176666666667   0.000000000000
   0.413333333333   0.173333333333   0.000000000000
   0.415000000000   0.170000000000   0.000000000000
   0.416666666667   0.166666666667   0.000000000000
   0.418333333333   0.163333333333   0.000000000000
   0.420000000000   0.160000000000   0.000000000000
   0.421666666667   0.156666666667   0.000000000000
   0.423333333333   0.153333333333   0.000000000000
   0.425000000000   0.150000000000   0.000000000000
   0.426666666667   0.146666666667   0.000000000000
   0.428333333333   0.143333333333   0.000000000000
   0.430000000000   0.140000000000   0.000000000000
   0.431666666667   0.136666666667   0.000000000000
   0.433333333333   0.133333333333   0.000000000000
   0.435000000000   0.130000000000   0.000000000000
   0.436666666667   0.126666666667   0.000000000000
   0.438333333333   0.123333333333   0.000000000000
   0.440000000000   0.120000000000   0.000000000000
   0.441666666667   0.116666666667   0.000000000000
   0.443333333333   0.113333333333   0.000000000000
   0.445000000000   0.110000000000   0.000000000000
   0.446666666667   0.106666666667   0.000000000000
   0.448333333333   0.103333333333   0.000000000000
   0.450000000000   0.100000000000   0.000000000000
   0.451666666667   0.096666666667   0.000000000000
   0.453333333333   0.093333333333   0.000000000000
   0.455000000000   0.090000000000   0.000000000000
   0.456666666667   0.086666666667   0.000000000000
   0.458333333333   0.083333333333   0.000000000000
   0.460000000000   0.080000000000   0.000000000000
   0.461666666667   0.076666666667   0.000000000000
   0.463333333333   0.073333333333   0.000000000000
   0.465000000000   0.070000000000   0.000000000000
   0.466666666667   0.066666666667   0.000000000000
   0.468333333333   0.063333333333   0.000000000000
   0.470000000000   0.060000000000   0.000000000000
   0.471666666667   0.056666666667   0.000000000000
   0.473333333333   0.053333333333   0.000000000000
   0.475000000000   0.050000000000   0.000000000000
   0.476666666667   0.046666666667   0.000000000000
   0.478333333333   0.043333333333   0.000000000000
   0.480000000000   0.040000000000   0.000000000000
   0.481666666667   0.036666666667   0.000000000000
   0.483333333333   0.033333333333   0.000000000000
   0.485000000000   0.030000000000   0.000000000000
   0.486666666667   0.026666666667   0.000000000000
   0.488333333333   0.023333333333   0.000000000000
   0.490000000000   0.020000000000   0.000000000000
   0.491666666667   0.016666666667   0.000000000000
   0.493333333333   0.013333333333   0.000000000000
   0.495000000000   0.010000000000   0.000000000000
   0.496666666667   0.006666666667   0.000000000000
   0.498333333333   0.003333333333   0.000000000000
   0.500000000000   0.000000000000   0.000000000000
   0.495000000000   0.000000000000   0.000000000000
   0.490000000000   0.000000000000   0.000000000000
   0.485000000000   0.000000000000   0.000000000000
   0.480000000000   0.000000000000   0.000000000000
   0.475000000000   0.000000000000   0.000000000000
   0.470000000000   0.000000000000   0.000000000000
   0.465000000000   0.000000000000   0.000000000000
   0.460000000000   0.000000000000   0.000000000000
   0.455000000000   0.000000000000   0.000000000000
   0.450000000000   0.000000000000   0.000000000000
   0.445000000000   0.000000000000   0.000000000000
   0.440000000000   0.000000000000   0.000000000000
   0.435000000000   0.000000000000   0.000000000000
   0.430000000000   0.000000000000   0.000000000000
   0.425000000000   0.000000000000   0.000000000000
   0.420000000000   0.000000000000   0.000000000000
   0.415000000000   0.000000000000   0.000000000000
   0.410000000000   0.000000000000   0.000000000000
   0.405000000000   0.000000000000   0.000000000000
   0.400000000000   0.000000000000   0.000000000000
   0.395000000000   0.000000000000   0.000000000000
   0.390000000000   0.000000000000   0.000000000000
   0.385000000000   0.000000000000   0.000000000000
   0.380000000000   0.000000000000   0.000000000000
   0.375000000000   0.000000000000   0.000000000000
   0.370000000000   0.000000000000   0.000000000000
   0.365000000000   0.000000000000   0.000000000000
   0.360000000000   0.000000000000   0.000000000000
   0.355000000000   0.000000000000   0.000000000000
   0.350000000000   0.000000000000   0.000000000000
   0.345000000000   0.000000000000   0.000000000000
   0.340000000000   0.000000000000   0.000000000000
   0.335000000000   0.000000000000   0.000000000000
   0.330000000000   0.000000000000   0.000000000000
   0.325000000000   0.000000000000   0.000000000000
   0.320000000000   0.000000000000   0.000000000000
   0.315000000000   0.000000000000   0.000000000000
   0.310000000000   0.000000000000   0.000000000000
   0.305000000000   0.000000000000   0.000000000000
   0.300000000000   0.000000000000   0.000000000000
   0.295000000000   0.000000000000   0.000000000000
   0.290000000000   0.000000000000   0.000000000000
   0.285000000000   0.000000000000   0.000000000000
   0.280000000000   0.000000000000   0.000000000000
   0.275000000000   0.000000000000   0.000000000000
   0.270000000000   0.000000000000   0.000000000000
   0.265000000000   0.000000000000   0.000000000000
   0.260000000000   0.000000000000   0.000000000000
   0.255000000000   0.000000000000   0.000000000000
   0.250000000000   0.000000000000   0.000000000000
   0.245000000000   0.000000000000   0.000000000000
   0.240000000000   0.000000000000   0.000000000000
   0.235000000000   0.000000000000   0.000000000000
   0.230000000000   0.000000000000   0.000000000000
   0.225000000000   0.000000000000   0.000000000000
   0.220000000000   0.000000000000   0.000000000000
   0.215000000000   0.000000000000   0.000000000000
   0.210000000000   0.000000000000   0.000000000000
   0.205000000000   0.000000000000   0.000000000000
   0.200000000000   0.000000000000   0.000000000000
   0.195000000000   0.000000000000   0.000000000000
   0.190000000000   0.000000000000   0.000000000000
   0.185000000000   0.000000000000   0.000000000000
   0.180000000000   0.000000000000   0.000000000000
   0.175000000000   0.000000000000   0.000000000000
   0.170000000000   0.000000000000   0.000000000000
   0.165000000000   0.000000000000   0.000000000000
   0.160000000000   0.000000000000   0.000000000000
   0.155000000000   0.000000000000   0.000000000000
   0.150000000000   0.000000000000   0.000000000000
   0.145000000000   0.000000000000   0.000000000000
   0.140000000000   0.000000000000   0.000000000000
   0.135000000000   0.000000000000   0.000000000000
   0.130000000000   0.000000000000   0.000000000000
   0.125000000000   0.000000000000   0.000000000000
   0.120000000000   0.000000000000   0.000000000000
   0.115000000000   0.000000000000   0.000000000000
   0.110000000000   0.000000000000   0.000000000000
   0.105000000000   0.000000000000   0.000000000000
   0.100000000000   0.000000000000   0.000000000000
   0.095000000000   0.000000000000   0.000000000000
   0.090000000000   0.000000000000   0.000000000000
   0.085000000000   0.000000000000   0.000000000000
   0.080000000000   0.000000000000   0.000000000000
   0.075000000000   0.000000000000   0.000000000000
   0.070000000000   0.000000000000   0.000000000000
   0.065000000000   0.000000000000   0.000000000000
   0.060000000000   0.000000000000   0.000000000000
   0.055000000000   0.000000000000   0.000000000000
   0.050000000000   0.000000000000   0.000000000000
   0.045000000000   0.000000000000   0.000000000000
   0.040000000000   0.000000000000   0.000000000000
   0.035000000000   0.000000000000   0.000000000000
   0.030000000000   0.000000000000   0.000000000000
   0.025000000000   0.000000000000   0.000000000000
   0.020000000000   0.000000000000   0.000000000000
   0.015000000000   0.000000000000   0.000000000000
   0.010000000000   0.000000000000   0.000000000000
   0.005000000000   0.000000000000   0.000000000000
